1
resources/maps/EspinhoMap
3651
50000 5 5
700
41 1
33 1
25 1
35 1
6 1
7 1
22 1
55 1
63 1
27 1
50 1
45 1
66 1
59 1
62 1
9 1
5 1
37 1
14 1
15 1
32 1
10 1
19 1
16 1
52 1
53 1
12 1
55 1
8 1
64 1
38 1
51 1
12 1
35 1
51 1
23 1
56 1
50 1
10 1
2 1
53 1
57 1
2 1
3 1
55 1
37 1
35 1
65 1
11 1
19 1
52 1
17 1
69 1
11 1
69 1
47 1
13 1
3 1
17 1
16 1
15 1
29 1
3 1
30 1
62 1
30 1
7 1
64 1
11 1
5 1
64 1
10 1
34 1
3 1
3 1
18 1
19 1
23 1
20 1
32 1
57 1
26 1
64 1
32 1
53 1
28 1
60 1
12 1
47 1
3 1
18 1
7 1
21 1
3 1
51 1
20 1
24 1
42 1
25 1
66 1
33 1
2 1
29 1
47 1
65 1
7 1
1 1
11 1
17 1
30 1
47 1
47 1
19 1
43 1
10 1
13 1
10 1
23 1
8 1
24 1
17 1
25 1
10 1
47 1
30 1
2 1
43 1
39 1
3 1
19 1
60 1
69 1
21 1
69 1
10 1
26 1
24 1
39 1
35 1
30 1
52 1
50 1
8 1
17 1
50 1
30 1
32 1
1 1
68 1
36 1
59 1
32 1
9 1
24 1
55 1
69 1
46 1
69 1
51 1
12 1
3 1
61 1
56 1
3 1
20 1
1 1
5 1
57 1
4 1
29 1
66 1
25 1
4 1
40 1
7 1
20 1
25 1
56 1
31 1
38 1
60 1
36 1
38 1
20 1
52 1
4 1
34 1
41 1
12 1
14 1
8 1
46 1
52 1
22 1
48 1
1 1
15 1
48 1
68 1
12 1
30 1
32 1
14 1
59 1
18 1
20 1
33 1
49 1
58 1
38 1
15 1
56 1
43 1
67 1
50 1
38 1
29 1
66 1
31 1
44 1
41 1
35 1
8 1
7 1
56 1
63 1
64 1
12 1
4 1
35 1
68 1
32 1
70 1
14 1
69 1
31 1
4 1
24 1
2 1
68 1
33 1
62 1
60 1
32 1
14 1
4 1
65 1
13 1
63 1
16 1
70 1
3 1
6 1
34 1
11 1
34 1
40 1
66 1
18 1
39 1
43 1
19 1
19 1
62 1
26 1
37 1
15 1
23 1
55 1
16 1
46 1
21 1
11 1
51 1
46 1
48 1
53 1
32 1
67 1
67 1
60 1
55 1
52 1
25 1
28 1
22 1
52 1
3 1
4 1
5 1
43 1
57 1
24 1
46 1
19 1
52 1
23 1
11 1
7 1
20 1
10 1
69 1
46 1
11 1
39 1
41 1
68 1
43 1
26 1
37 1
45 1
27 1
12 1
68 1
15 1
29 1
27 1
53 1
43 1
65 1
68 1
40 1
43 1
10 1
15 1
48 1
15 1
40 1
64 1
20 1
45 1
36 1
9 1
3 1
69 1
9 1
54 1
56 1
12 1
48 1
31 1
25 1
5 1
34 1
61 1
4 1
27 1
8 1
55 1
12 1
21 1
52 1
30 1
35 1
46 1
20 1
58 1
23 1
57 1
51 1
10 1
66 1
31 1
15 1
33 1
45 1
9 1
13 1
57 1
69 1
62 1
12 1
24 1
36 1
17 1
49 1
55 1
40 1
59 1
55 1
41 1
47 1
68 1
61 1
35 1
41 1
37 1
68 1
37 1
3 1
48 1
17 1
4 1
29 1
54 1
2 1
18 1
48 1
38 1
55 1
54 1
46 1
61 1
54 1
59 1
12 1
36 1
37 1
30 1
64 1
61 1
25 1
60 1
65 1
38 1
5 1
37 1
57 1
57 1
6 1
14 1
54 1
44 1
33 1
70 1
3 1
13 1
14 1
41 1
48 1
53 1
14 1
1 1
52 1
4 1
1 1
39 1
23 1
6 1
47 1
7 1
3 1
31 1
22 1
64 1
8 1
16 1
69 1
54 1
19 1
58 1
41 1
31 1
20 1
37 1
58 1
26 1
39 1
26 1
44 1
69 1
45 1
46 1
26 1
7 1
7 1
19 1
60 1
17 1
33 1
49 1
46 1
5 1
37 1
54 1
3 1
14 1
16 1
10 1
52 1
50 1
26 1
14 1
52 1
11 1
60 1
48 1
3 1
53 1
25 1
27 1
65 1
54 1
19 1
57 1
48 1
35 1
60 1
58 1
69 1
68 1
49 1
58 1
48 1
15 1
45 1
34 1
20 1
9 1
53 1
61 1
9 1
14 1
10 1
29 1
38 1
27 1
22 1
67 1
47 1
54 1
27 1
60 1
3 1
27 1
70 1
28 1
25 1
61 1
11 1
58 1
57 1
50 1
55 1
13 1
36 1
9 1
5 1
58 1
43 1
9 1
63 1
59 1
45 1
49 1
31 1
35 1
44 1
18 1
34 1
64 1
41 1
15 1
25 1
9 1
64 1
49 1
52 1
34 1
64 1
12 1
24 1
39 1
13 1
56 1
3 1
51 1
35 1
41 1
20 1
52 1
61 1
23 1
33 1
56 1
16 1
28 1
35 1
7 1
9 1
10 1
28 1
56 1
42 1
67 1
29 1
14 1
63 1
18 1
1 1
14 1
66 1
11 1
37 1
43 1
46 1
36 1
31 1
26 1
46 1
46 1
35 1
44 1
1 1
18 1
51 1
23 1
35 1
69 1
34 1
38 1
4 1
22 1
60 1
27 1
6 1
9 1
41 1
29 1
68 1
20 1
20 1
64 1
16 1
70 1
58 1
39 1
31 1
23 1
59 1
32 1
42 1
31 1
18 1
49 1
19 1
2 1
56 1
42 1
1 1
62 1
58 1
54 1
65 1
24 1
22 1
5 1
60 1
57 1
31 1
26 1
58 1
48 1
9 1
10 1
35 1
58 1
24 1
13 1
25 1
52 1
13 1
66 1
50 1
9 1
6 1
47 1
42 1
53 1
28 1
33 1
29 1
10 1
55 1
11 1
53 1
60 1
62 1
63 1
38 1
20 1
62 1
41 1
58 1
40 1
16 1
30 1
65 1
2 1
24 1
23 1
53 1
39 1
37 1
18 1
45 1
3 1
53 1
63 1
42 1
10
Joana 0 10337 8:13 10
Rui 1 16361 9:52 10
Henrique 2 15468 12:3 12
Leonor 3 7692 13:2 1
Pedro 4 15906 10:15 3
Bruno 5 14220 19:11 2
Joao 6 9129 12:59 2
Tiago 7 8981 8:44 14
Joao 8 1681 17:5 8
Bruno 9 8625 19:33 12
