1
resources/maps/EspinhoMap
12661
50000 5 5
700
49 1
12 1
47 1
52 1
48 1
2 1
62 1
68 1
29 1
12 1
23 1
17 1
30 1
14 1
25 1
18 1
35 1
43 1
28 1
18 1
6 1
46 1
34 1
17 1
51 1
6 1
19 1
32 1
5 1
16 1
61 1
64 1
9 1
59 1
25 1
16 1
48 1
50 1
69 1
37 1
57 1
48 1
23 1
47 1
14 1
51 1
15 1
6 1
29 1
33 1
19 1
49 1
30 1
23 1
35 1
43 1
43 1
42 1
55 1
63 1
59 1
40 1
2 1
41 1
19 1
36 1
51 1
69 1
41 1
65 1
57 1
41 1
34 1
56 1
69 1
70 1
63 1
58 1
57 1
33 1
40 1
55 1
69 1
33 1
30 1
1 1
53 1
28 1
45 1
27 1
6 1
41 1
56 1
26 1
41 1
30 1
25 1
28 1
26 1
41 1
18 1
17 1
11 1
53 1
4 1
16 1
29 1
29 1
19 1
27 1
8 1
46 1
13 1
24 1
35 1
63 1
38 1
38 1
24 1
18 1
21 1
3 1
26 1
1 1
31 1
16 1
53 1
54 1
19 1
63 1
21 1
20 1
9 1
5 1
12 1
5 1
60 1
12 1
32 1
44 1
45 1
5 1
35 1
6 1
2 1
69 1
10 1
52 1
25 1
12 1
61 1
21 1
60 1
11 1
6 1
45 1
66 1
22 1
21 1
6 1
31 1
11 1
25 1
66 1
11 1
12 1
1 1
35 1
68 1
59 1
43 1
14 1
15 1
59 1
21 1
15 1
22 1
48 1
1 1
31 1
35 1
1 1
48 1
30 1
60 1
32 1
48 1
16 1
16 1
11 1
48 1
2 1
21 1
67 1
4 1
21 1
25 1
26 1
15 1
15 1
49 1
36 1
70 1
57 1
28 1
63 1
11 1
59 1
7 1
31 1
3 1
68 1
54 1
26 1
44 1
68 1
54 1
59 1
56 1
47 1
42 1
33 1
11 1
14 1
33 1
61 1
25 1
9 1
68 1
25 1
5 1
26 1
37 1
41 1
7 1
44 1
48 1
33 1
31 1
47 1
64 1
44 1
25 1
25 1
8 1
62 1
30 1
19 1
43 1
16 1
23 1
66 1
11 1
66 1
15 1
44 1
18 1
42 1
64 1
32 1
59 1
33 1
34 1
41 1
6 1
42 1
31 1
30 1
58 1
48 1
26 1
50 1
3 1
29 1
64 1
33 1
37 1
11 1
5 1
48 1
64 1
63 1
66 1
14 1
50 1
39 1
17 1
23 1
64 1
2 1
7 1
30 1
64 1
55 1
64 1
13 1
59 1
25 1
62 1
41 1
26 1
6 1
25 1
62 1
23 1
23 1
39 1
39 1
28 1
53 1
30 1
62 1
6 1
65 1
56 1
36 1
35 1
22 1
17 1
15 1
58 1
25 1
47 1
23 1
70 1
35 1
26 1
61 1
57 1
47 1
67 1
18 1
35 1
21 1
61 1
40 1
8 1
5 1
27 1
4 1
47 1
48 1
68 1
39 1
63 1
56 1
66 1
26 1
45 1
9 1
66 1
54 1
43 1
44 1
27 1
33 1
22 1
5 1
56 1
37 1
58 1
21 1
63 1
63 1
61 1
64 1
49 1
1 1
48 1
9 1
12 1
22 1
3 1
55 1
58 1
36 1
60 1
68 1
56 1
15 1
30 1
43 1
18 1
11 1
65 1
9 1
11 1
28 1
18 1
6 1
28 1
63 1
69 1
26 1
43 1
3 1
69 1
69 1
24 1
33 1
41 1
41 1
33 1
63 1
65 1
26 1
36 1
53 1
8 1
6 1
28 1
43 1
21 1
62 1
22 1
59 1
26 1
20 1
67 1
55 1
55 1
13 1
15 1
3 1
36 1
7 1
34 1
17 1
63 1
10 1
67 1
47 1
21 1
22 1
23 1
37 1
5 1
39 1
35 1
25 1
29 1
56 1
49 1
19 1
70 1
41 1
20 1
46 1
11 1
38 1
16 1
19 1
49 1
18 1
66 1
5 1
51 1
65 1
31 1
33 1
7 1
50 1
30 1
22 1
57 1
26 1
39 1
66 1
15 1
41 1
31 1
37 1
8 1
9 1
69 1
68 1
4 1
18 1
37 1
14 1
65 1
44 1
60 1
61 1
36 1
69 1
55 1
28 1
66 1
3 1
33 1
46 1
59 1
53 1
10 1
70 1
38 1
63 1
40 1
16 1
29 1
8 1
16 1
39 1
17 1
3 1
15 1
60 1
28 1
57 1
42 1
22 1
18 1
21 1
36 1
39 1
8 1
45 1
39 1
17 1
63 1
16 1
45 1
37 1
19 1
52 1
2 1
56 1
66 1
32 1
7 1
19 1
35 1
53 1
59 1
64 1
26 1
42 1
4 1
68 1
60 1
67 1
1 1
12 1
69 1
36 1
48 1
33 1
69 1
24 1
50 1
16 1
70 1
69 1
7 1
40 1
43 1
65 1
51 1
53 1
44 1
27 1
3 1
31 1
59 1
2 1
15 1
15 1
60 1
3 1
60 1
38 1
55 1
56 1
31 1
40 1
68 1
16 1
8 1
50 1
40 1
20 1
33 1
3 1
29 1
12 1
10 1
70 1
15 1
4 1
46 1
3 1
16 1
12 1
28 1
70 1
33 1
3 1
42 1
10 1
31 1
52 1
27 1
61 1
1 1
37 1
46 1
4 1
27 1
42 1
27 1
53 1
37 1
69 1
46 1
24 1
60 1
55 1
20 1
4 1
52 1
46 1
34 1
66 1
48 1
54 1
5 1
23 1
14 1
41 1
18 1
39 1
56 1
22 1
20 1
28 1
7 1
24 1
59 1
55 1
12 1
3 1
44 1
18 1
35 1
2 1
26 1
8 1
42 1
59 1
9 1
36 1
42 1
55 1
70 1
61 1
66 1
52 1
47 1
1 1
16 1
68 1
44 1
28 1
55 1
15 1
41 1
54 1
35 1
49 1
64 1
20 1
65 1
48 1
49 1
42 1
43 1
70 1
58 1
17 1
37 1
46 1
20 1
60 1
55 1
9 1
9 1
31 1
10 1
24 1
9 1
55 1
33 1
17 1
24 1
49 1
35 1
23 1
65 1
53 1
500
Rui 0 6149 19:31 14
Mario 1 12627 12:3 1
Maria 2 16744 19:7 5
Tiago 3 17279 10:40 1
Matilde 4 2556 15:53 1
Henrique 5 6806 11:23 8
Mario 6 9916 11:58 12
Henrique 7 4577 13:51 6
Joao 8 14645 7:20 1
Matilde 9 1818 11:1 14
Helena 10 5878 18:50 9
Mario 11 16372 9:14 6
Matilde 12 1971 7:28 12
Maria 13 2391 8:34 12
Ana 14 5891 9:52 3
Rui 15 15357 8:23 9
Matilde 16 2747 8:52 10
Joana 17 14626 13:37 2
Matilde 18 5844 18:22 7
Joana 19 6744 12:45 1
Maria 20 5615 13:51 2
Leonor 21 5162 8:51 6
Helena 22 15526 12:18 9
Tiago 23 14038 14:14 5
Joao 24 5200 7:31 7
Rui 25 9418 13:30 13
Domingos 26 14518 10:29 5
Domingos 27 4112 10:15 4
Joao 28 17309 10:45 9
Leonor 29 10240 11:29 13
Joana 30 12864 15:9 12
Bruno 31 3362 9:7 6
Matilde 32 1056 13:30 6
Rui 33 4087 10:12 9
Pedro 34 6395 18:7 8
Henrique 35 11675 14:19 6
Bruno 36 9271 10:33 14
Maria 37 3039 16:48 15
Matilde 38 9684 12:41 1
Henrique 39 17095 13:12 3
Rui 40 3661 16:28 9
Joao 41 13132 8:58 4
Leonor 42 10159 13:42 5
Pedro 43 4403 10:14 12
Maria 44 8063 8:9 3
Joana 45 7603 17:36 5
Maria 46 1532 19:43 11
Matilde 47 452 19:53 13
Joao 48 4425 12:10 3
Bruno 49 2504 12:40 11
Tiago 50 5905 19:19 10
Pedro 51 14054 17:30 4
Bruno 52 14945 17:59 2
Mario 53 2459 18:24 8
Henrique 54 12766 8:10 2
Ana 55 9144 8:12 5
Tiago 56 16856 14:11 13
Ana 57 8561 17:53 3
Leonor 58 14074 19:43 8
Bruno 59 6011 8:38 2
Joana 60 9443 19:10 10
Maria 61 9991 11:24 12
Matilde 62 5944 16:58 8
Domingos 63 2397 9:19 10
Matilde 64 1199 12:34 6
Mario 65 13151 15:42 14
Domingos 66 16051 7:3 10
Ana 67 13301 17:32 15
Maria 68 1362 15:35 13
Mario 69 12083 17:40 9
Mario 70 12085 13:52 15
Rui 71 3272 16:13 11
Joao 72 5849 9:15 15
Bruno 73 16238 18:6 12
Domingos 74 6629 8:40 14
Helena 75 8057 17:11 10
Tiago 76 1337 12:33 3
Matilde 77 7888 7:46 2
Pedro 78 15380 12:49 7
Rui 79 17221 14:1 6
Maria 80 2065 17:49 4
Tiago 81 9753 13:32 13
Domingos 82 14350 18:0 6
Ana 83 11420 11:5 12
Mario 84 10229 16:42 10
Mario 85 4335 18:44 9
Bruno 86 13509 18:11 9
Ana 87 2423 14:49 4
Rui 88 2814 9:11 2
Bruno 89 5557 11:53 4
Maria 90 4484 10:14 11
Tiago 91 13335 8:18 5
Mario 92 7360 9:7 11
Domingos 93 4859 18:32 15
Bruno 94 17504 10:38 15
Rui 95 15128 12:4 5
Pedro 96 10332 11:18 15
Henrique 97 16605 8:35 2
Pedro 98 7396 19:58 4
Domingos 99 3682 8:11 3
Domingos 100 15422 17:44 4
Henrique 101 5378 11:10 2
Tiago 102 14999 8:28 6
Maria 103 16235 7:41 8
Rui 104 7010 17:29 11
Joana 105 12209 13:58 12
Tiago 106 9169 15:7 9
Maria 107 5047 14:44 12
Henrique 108 13853 14:1 4
Ana 109 9939 11:9 7
Bruno 110 3402 10:29 9
Bruno 111 4953 7:42 5
Ana 112 14990 8:22 1
Henrique 113 17321 9:34 3
Rui 114 5220 16:12 9
Helena 115 17070 14:59 4
Pedro 116 5725 12:34 8
Ana 117 7004 10:3 4
Helena 118 11997 12:12 8
Ana 119 7488 9:18 1
Joao 120 347 17:10 13
Joao 121 1808 9:15 7
Henrique 122 14839 10:47 11
Tiago 123 11704 11:35 2
Ana 124 1421 18:36 11
Mario 125 11408 7:44 15
Domingos 126 4762 11:56 2
Tiago 127 11356 12:15 4
Joao 128 8719 8:12 11
Rui 129 10222 17:37 12
Ana 130 12217 8:49 9
Helena 131 1175 16:21 3
Bruno 132 6555 17:18 15
Mario 133 3717 8:39 10
Matilde 134 4520 11:24 1
Matilde 135 10476 13:56 12
Helena 136 9666 8:59 14
Tiago 137 4367 18:46 15
Mario 138 11690 19:16 11
Joana 139 13181 16:38 15
Leonor 140 6212 8:13 14
Joao 141 7116 14:25 4
Leonor 142 2571 16:24 12
Joao 143 483 14:44 14
Matilde 144 292 16:19 10
Tiago 145 14095 8:3 9
Pedro 146 9209 12:31 5
Pedro 147 94 13:58 10
Maria 148 8335 10:17 6
Matilde 149 6927 14:40 13
Tiago 150 2927 18:25 3
Rui 151 14913 18:57 5
Joao 152 11089 10:12 8
Rui 153 9715 14:46 6
Domingos 154 8362 19:46 13
Maria 155 9508 7:35 5
Domingos 156 9862 18:57 1
Domingos 157 9025 13:54 2
Leonor 158 10302 13:25 15
Matilde 159 14825 10:51 14
Leonor 160 3017 8:43 12
Helena 161 12828 17:33 6
Joana 162 14428 18:27 6
Henrique 163 8465 10:41 4
Joana 164 4927 18:35 14
Tiago 165 8971 13:3 8
Maria 166 6255 7:33 14
Joana 167 1296 18:11 2
Helena 168 959 8:31 6
Leonor 169 3341 10:38 7
Ana 170 10150 10:43 2
Mario 171 6983 10:47 10
Henrique 172 732 12:2 3
Ana 173 15535 7:38 8
Helena 174 11927 9:57 13
Mario 175 341 17:28 8
Mario 176 11451 9:22 13
Ana 177 5491 12:44 15
Leonor 178 14493 11:58 9
Mario 179 1719 13:28 15
Bruno 180 5340 19:42 2
Matilde 181 11263 10:25 11
Rui 182 11419 10:47 14
Matilde 183 6536 15:25 15
Helena 184 2285 8:57 1
Maria 185 14888 9:57 1
Ana 186 9089 17:14 9
Pedro 187 3029 9:28 11
Ana 188 2288 11:19 8
Leonor 189 5871 18:36 4
Ana 190 12823 17:21 5
Leonor 191 3304 17:24 1
Domingos 192 10491 15:51 11
Rui 193 7602 15:30 10
Maria 194 956 10:9 2
Mario 195 11761 10:55 10
Tiago 196 13441 13:38 14
Leonor 197 1238 17:10 13
Joao 198 1933 19:46 4
Joao 199 8932 14:32 12
Ana 200 10238 17:18 9
Joao 201 10170 8:21 2
Mario 202 1208 16:43 3
Tiago 203 16163 11:46 7
Joao 204 1390 15:14 7
Mario 205 904 17:12 10
Joao 206 3902 7:53 8
Helena 207 2974 9:29 14
Pedro 208 742 7:25 1
Matilde 209 56 19:48 9
Leonor 210 6024 11:5 2
Rui 211 13903 16:41 13
Pedro 212 14372 8:28 3
Leonor 213 3817 10:4 8
Bruno 214 15877 17:58 14
Rui 215 4012 18:23 11
Bruno 216 7767 7:45 4
Joana 217 12241 12:59 13
Rui 218 1314 8:24 5
Maria 219 5639 10:53 4
Rui 220 6579 15:0 5
Mario 221 8481 17:19 15
Leonor 222 15315 17:11 14
Joana 223 12953 19:42 5
Helena 224 15051 9:20 3
Matilde 225 9002 15:6 5
Rui 226 5626 19:59 3
Ana 227 11869 12:7 2
Domingos 228 1245 11:58 10
Mario 229 14957 11:48 12
Mario 230 13743 17:16 5
Ana 231 10002 14:45 5
Maria 232 3492 13:9 14
Rui 233 5044 9:32 6
Rui 234 10386 7:56 9
Domingos 235 13991 9:8 13
Mario 236 6517 17:27 15
Mario 237 8159 14:23 5
Mario 238 12236 19:47 13
Ana 239 1061 8:47 13
Joana 240 12532 19:2 5
Domingos 241 2016 13:38 11
Joana 242 5893 11:11 2
Leonor 243 12577 7:23 3
Mario 244 14663 12:29 7
Helena 245 11355 11:10 6
Leonor 246 17120 16:57 6
Matilde 247 4908 10:25 15
Tiago 248 1012 14:24 8
Joao 249 6320 10:53 4
Pedro 250 14959 12:32 10
Matilde 251 10 8:15 12
Leonor 252 10141 17:26 5
Joana 253 1411 7:23 7
Helena 254 6569 13:15 2
Pedro 255 120 9:50 8
Mario 256 2611 13:46 9
Joana 257 7487 15:3 7
Joana 258 14188 14:16 9
Ana 259 16776 15:50 1
Maria 260 17507 18:57 14
Joana 261 5923 15:12 7
Mario 262 15638 7:59 9
Henrique 263 11680 8:30 1
Pedro 264 5529 7:15 10
Tiago 265 7245 13:51 7
Maria 266 10382 10:59 5
Ana 267 4878 15:59 12
Bruno 268 13162 15:43 12
Pedro 269 4959 19:26 4
Ana 270 7256 18:36 12
Domingos 271 4408 13:22 4
Maria 272 15493 16:7 12
Tiago 273 12365 14:49 2
Domingos 274 1232 12:1 13
Tiago 275 10388 10:52 3
Bruno 276 2191 18:48 10
Helena 277 10930 11:59 11
Henrique 278 17108 13:21 10
Bruno 279 8106 18:54 7
Leonor 280 11067 15:58 4
Helena 281 7279 10:43 2
Bruno 282 12344 13:17 12
Matilde 283 744 17:24 2
Joao 284 14454 9:3 1
Ana 285 8996 16:44 7
Ana 286 15191 7:15 5
Henrique 287 14624 19:7 3
Pedro 288 17607 19:9 8
Pedro 289 794 8:19 1
Helena 290 15228 18:0 15
Maria 291 3319 9:39 12
Maria 292 5246 12:58 12
Domingos 293 12637 11:55 14
Domingos 294 2865 18:10 5
Henrique 295 6679 12:18 9
Maria 296 7262 11:39 15
Joao 297 3358 11:30 8
Henrique 298 10172 17:44 1
Matilde 299 11991 18:34 8
Domingos 300 2653 7:4 7
Matilde 301 17559 17:14 6
Leonor 302 16153 17:44 7
Henrique 303 16595 14:3 13
Domingos 304 3736 12:38 12
Bruno 305 8203 11:38 14
Pedro 306 10099 15:51 4
Tiago 307 5816 14:12 12
Bruno 308 465 18:17 1
Mario 309 4636 17:47 8
Joao 310 16825 8:21 14
Domingos 311 17170 10:46 3
Mario 312 11351 12:55 8
Henrique 313 15870 19:13 14
Matilde 314 8059 14:51 6
Leonor 315 9208 13:11 11
Ana 316 4606 12:17 11
Helena 317 1153 14:26 8
Leonor 318 6148 12:24 7
Pedro 319 13446 17:10 3
Tiago 320 13619 13:22 11
Joana 321 12756 7:44 15
Joao 322 11977 14:1 15
Mario 323 9243 10:47 2
Pedro 324 2859 15:29 5
Bruno 325 5217 16:42 10
Pedro 326 8007 11:57 12
Matilde 327 16320 7:21 6
Mario 328 2672 10:43 5
Joana 329 15634 11:37 1
Matilde 330 1623 13:26 10
Ana 331 6392 12:29 1
Maria 332 2984 16:24 12
Ana 333 11275 10:39 1
Ana 334 12224 19:26 7
Bruno 335 3236 12:29 10
Tiago 336 13004 9:30 10
Mario 337 10494 18:1 14
Bruno 338 11985 17:36 5
Tiago 339 8647 15:25 11
Pedro 340 6341 7:0 6
Leonor 341 7845 9:33 6
Tiago 342 10920 8:38 5
Domingos 343 13377 11:6 5
Rui 344 7892 12:11 15
Tiago 345 1841 13:39 5
Bruno 346 1449 11:59 4
Matilde 347 15961 16:57 1
Joana 348 15412 8:43 12
Rui 349 1112 14:0 3
Joao 350 15743 17:53 11
Matilde 351 6690 17:14 2
Henrique 352 7329 11:31 11
Bruno 353 5950 15:35 8
Joana 354 50 19:4 14
Matilde 355 10152 8:21 6
Pedro 356 13323 7:10 12
Helena 357 2063 11:46 14
Maria 358 6264 11:58 5
Joana 359 5679 17:51 13
Bruno 360 6501 8:30 2
Maria 361 1656 9:16 1
Joao 362 13541 7:18 14
Mario 363 11292 8:40 12
Rui 364 17235 9:1 7
Ana 365 1782 9:25 11
Leonor 366 9822 18:18 10
Domingos 367 3751 13:1 13
Helena 368 10274 13:54 5
Joao 369 1332 13:58 4
Bruno 370 13747 18:36 1
Joao 371 7914 15:17 8
Ana 372 16935 14:57 13
Maria 373 7673 14:2 1
Maria 374 11473 9:44 3
Pedro 375 13589 11:29 13
Bruno 376 8479 12:23 15
Mario 377 168 17:44 14
Matilde 378 10933 17:57 4
Leonor 379 2534 18:4 13
Ana 380 14192 13:0 14
Maria 381 7636 19:59 4
Mario 382 1383 10:0 11
Ana 383 13918 8:27 14
Mario 384 6676 12:45 11
Joana 385 13219 8:11 5
Bruno 386 2302 17:20 2
Joao 387 16526 14:21 14
Joao 388 2527 13:45 7
Domingos 389 4944 13:38 8
Bruno 390 10167 17:58 12
Rui 391 15959 11:25 15
Bruno 392 7979 18:36 2
Bruno 393 2276 12:2 11
Ana 394 11142 19:4 11
Bruno 395 14280 11:32 2
Matilde 396 6200 14:50 10
Domingos 397 5050 13:44 15
Henrique 398 17522 16:42 11
Bruno 399 14803 18:57 15
Henrique 400 1667 11:48 1
Matilde 401 15467 8:8 9
Mario 402 3918 9:52 9
Mario 403 13920 16:24 4
Pedro 404 13552 15:28 1
Ana 405 730 18:58 9
Ana 406 5589 19:22 11
Helena 407 16962 10:39 10
Joana 408 4365 12:33 15
Pedro 409 2342 14:14 12
Joana 410 9016 8:40 7
Henrique 411 3577 8:51 11
Pedro 412 16937 7:46 8
Ana 413 15109 14:39 1
Pedro 414 4935 7:41 11
Mario 415 8787 15:29 12
Ana 416 4554 7:5 2
Rui 417 7786 17:42 14
Helena 418 13941 9:46 7
Pedro 419 8178 13:27 3
Mario 420 2329 13:38 9
Tiago 421 14468 16:53 7
Maria 422 8831 9:56 4
Mario 423 9928 14:10 8
Helena 424 9171 18:12 12
Helena 425 1250 16:36 6
Henrique 426 11330 13:35 10
Matilde 427 3213 16:25 7
Tiago 428 11722 16:15 13
Henrique 429 4082 12:47 15
Matilde 430 6157 10:23 3
Domingos 431 921 17:12 13
Tiago 432 7869 10:23 2
Domingos 433 14769 14:9 13
Maria 434 5254 11:56 11
Matilde 435 6685 13:0 11
Pedro 436 15227 7:49 8
Bruno 437 1427 8:41 5
Henrique 438 10835 17:1 1
Helena 439 14782 13:53 10
Mario 440 12598 13:27 1
Tiago 441 13398 13:27 4
Matilde 442 10233 18:37 13
Domingos 443 849 16:2 1
Pedro 444 11414 13:56 2
Ana 445 11845 9:24 3
Henrique 446 12029 10:45 15
Bruno 447 7710 7:17 7
Pedro 448 2421 19:37 7
Ana 449 16302 10:2 4
Ana 450 3370 14:13 14
Matilde 451 737 12:4 9
Matilde 452 5115 9:57 5
Henrique 453 12053 18:42 6
Joana 454 16231 11:50 12
Henrique 455 8163 12:14 11
Maria 456 5949 12:56 13
Tiago 457 7187 16:10 10
Leonor 458 4973 15:47 2
Tiago 459 11208 8:29 13
Matilde 460 11645 16:28 4
Tiago 461 17427 12:48 2
Maria 462 8969 9:40 13
Bruno 463 3155 9:51 9
Mario 464 17002 13:51 3
Domingos 465 4877 16:7 8
Tiago 466 12565 12:7 1
Pedro 467 11064 17:31 15
Pedro 468 2492 11:4 6
Joana 469 443 16:31 3
Bruno 470 15892 15:36 7
Pedro 471 5051 10:26 4
Rui 472 438 13:15 11
Domingos 473 5716 7:59 3
Matilde 474 12020 14:47 14
Rui 475 15842 9:38 6
Matilde 476 9633 11:6 15
Maria 477 3801 19:50 12
Rui 478 7465 13:4 6
Pedro 479 11921 8:10 4
Joao 480 15765 15:47 10
Joana 481 953 18:56 2
Henrique 482 1630 11:15 3
Matilde 483 13711 16:55 7
Leonor 484 1951 10:22 4
Domingos 485 13366 15:26 8
Mario 486 14211 12:40 2
Tiago 487 14287 15:18 6
Ana 488 8595 18:15 2
Leonor 489 563 16:8 13
Henrique 490 17545 14:1 8
Ana 491 4510 14:38 12
Bruno 492 6906 17:45 3
Maria 493 12512 12:33 12
Joao 494 10224 17:22 8
Joana 495 3723 8:12 12
Bruno 496 12168 19:32 8
Matilde 497 16692 19:23 12
Joao 498 12897 19:54 10
Domingos 499 6594 16:52 11
