1
resources/maps/EspinhoMap
16975
50000 5 5
700
29 1
47 1
59 1
11 1
35 1
4 1
32 1
23 1
2 1
45 1
9 1
51 1
40 1
50 1
20 1
47 1
7 1
41 1
40 1
31 1
34 1
16 1
47 1
68 1
62 1
6 1
69 1
23 1
13 1
51 1
60 1
24 1
48 1
63 1
2 1
14 1
64 1
54 1
39 1
61 1
7 1
26 1
48 1
14 1
18 1
44 1
36 1
31 1
4 1
2 1
32 1
57 1
56 1
67 1
26 1
38 1
26 1
34 1
56 1
17 1
14 1
56 1
48 1
65 1
55 1
63 1
49 1
14 1
64 1
11 1
38 1
66 1
42 1
45 1
14 1
32 1
2 1
25 1
37 1
7 1
32 1
61 1
66 1
23 1
17 1
47 1
32 1
35 1
11 1
27 1
7 1
48 1
8 1
24 1
31 1
26 1
45 1
5 1
23 1
43 1
53 1
6 1
5 1
67 1
24 1
25 1
70 1
19 1
13 1
44 1
28 1
21 1
18 1
36 1
13 1
40 1
4 1
12 1
23 1
40 1
1 1
44 1
61 1
66 1
20 1
2 1
53 1
48 1
55 1
33 1
56 1
16 1
4 1
29 1
27 1
66 1
3 1
10 1
45 1
12 1
4 1
21 1
31 1
30 1
5 1
63 1
37 1
39 1
55 1
61 1
40 1
6 1
59 1
25 1
4 1
51 1
26 1
36 1
40 1
30 1
34 1
57 1
52 1
30 1
20 1
23 1
32 1
46 1
53 1
61 1
54 1
21 1
27 1
21 1
70 1
5 1
6 1
28 1
12 1
18 1
65 1
68 1
54 1
10 1
52 1
51 1
2 1
38 1
60 1
47 1
56 1
46 1
26 1
33 1
22 1
26 1
12 1
60 1
39 1
19 1
39 1
45 1
12 1
29 1
61 1
43 1
46 1
53 1
18 1
19 1
59 1
63 1
33 1
15 1
58 1
23 1
50 1
12 1
1 1
34 1
53 1
7 1
38 1
11 1
13 1
41 1
32 1
49 1
36 1
28 1
6 1
50 1
50 1
42 1
40 1
57 1
25 1
47 1
5 1
47 1
7 1
22 1
12 1
45 1
1 1
70 1
39 1
62 1
16 1
58 1
31 1
23 1
54 1
70 1
64 1
25 1
40 1
27 1
34 1
66 1
12 1
21 1
25 1
53 1
28 1
50 1
12 1
52 1
53 1
39 1
61 1
34 1
33 1
62 1
56 1
6 1
64 1
11 1
4 1
39 1
35 1
47 1
64 1
12 1
2 1
36 1
28 1
24 1
34 1
32 1
51 1
70 1
29 1
11 1
11 1
23 1
10 1
55 1
60 1
37 1
12 1
2 1
69 1
29 1
33 1
5 1
47 1
35 1
69 1
28 1
40 1
3 1
7 1
65 1
68 1
3 1
55 1
66 1
19 1
45 1
1 1
30 1
49 1
22 1
14 1
45 1
8 1
25 1
39 1
61 1
7 1
47 1
67 1
15 1
33 1
43 1
12 1
30 1
65 1
69 1
40 1
69 1
14 1
16 1
51 1
62 1
42 1
48 1
14 1
34 1
14 1
43 1
26 1
61 1
54 1
27 1
64 1
37 1
4 1
19 1
19 1
7 1
6 1
69 1
22 1
24 1
37 1
40 1
54 1
28 1
47 1
59 1
6 1
51 1
43 1
8 1
12 1
6 1
41 1
8 1
44 1
69 1
61 1
3 1
60 1
51 1
59 1
65 1
13 1
56 1
8 1
8 1
19 1
48 1
26 1
70 1
60 1
52 1
18 1
31 1
42 1
57 1
9 1
30 1
6 1
12 1
7 1
64 1
16 1
64 1
8 1
8 1
55 1
45 1
70 1
46 1
55 1
70 1
57 1
31 1
21 1
33 1
22 1
40 1
27 1
62 1
51 1
56 1
70 1
57 1
12 1
14 1
21 1
7 1
55 1
21 1
6 1
24 1
34 1
39 1
66 1
14 1
27 1
21 1
12 1
51 1
55 1
28 1
58 1
50 1
38 1
64 1
10 1
40 1
58 1
68 1
52 1
32 1
45 1
2 1
40 1
15 1
52 1
13 1
29 1
37 1
2 1
13 1
70 1
69 1
31 1
60 1
31 1
46 1
44 1
42 1
49 1
51 1
8 1
15 1
52 1
5 1
6 1
23 1
36 1
47 1
5 1
10 1
43 1
58 1
16 1
26 1
32 1
38 1
40 1
41 1
43 1
64 1
46 1
56 1
41 1
39 1
7 1
62 1
7 1
30 1
14 1
55 1
17 1
63 1
15 1
24 1
5 1
38 1
49 1
57 1
15 1
62 1
36 1
53 1
8 1
68 1
24 1
38 1
43 1
62 1
36 1
1 1
62 1
38 1
23 1
7 1
52 1
70 1
23 1
43 1
20 1
22 1
52 1
16 1
49 1
12 1
30 1
61 1
66 1
27 1
51 1
27 1
37 1
7 1
53 1
64 1
70 1
28 1
3 1
23 1
10 1
57 1
31 1
65 1
8 1
38 1
8 1
13 1
64 1
60 1
19 1
31 1
27 1
46 1
3 1
54 1
35 1
5 1
17 1
35 1
24 1
28 1
49 1
46 1
30 1
45 1
38 1
38 1
42 1
28 1
57 1
4 1
16 1
51 1
21 1
12 1
29 1
42 1
60 1
3 1
69 1
27 1
21 1
46 1
15 1
48 1
52 1
3 1
47 1
54 1
12 1
33 1
27 1
10 1
10 1
64 1
32 1
47 1
53 1
62 1
54 1
3 1
53 1
31 1
13 1
37 1
15 1
24 1
10 1
58 1
65 1
10 1
45 1
32 1
63 1
53 1
27 1
66 1
66 1
8 1
54 1
70 1
69 1
52 1
37 1
53 1
54 1
70 1
58 1
53 1
22 1
18 1
22 1
39 1
38 1
2 1
31 1
63 1
39 1
48 1
36 1
24 1
23 1
51 1
18 1
43 1
33 1
21 1
65 1
53 1
42 1
70 1
20 1
7 1
25 1
49 1
1 1
55 1
27 1
25 1
21 1
18 1
25 1
1 1
8 1
23 1
56 1
66 1
64 1
4 1
43 1
4 1
8 1
32 1
50 1
45 1
33 1
65 1
63 1
19 1
57 1
13 1
57 1
2 1
1
Mario 0 14884 8:2 5
