1
resources/maps/EspinhoMap
8218
50000 5 5
700
21 1
32 1
45 1
5 1
61 1
43 1
26 1
70 1
66 1
1 1
65 1
41 1
41 1
55 1
4 1
41 1
27 1
45 1
62 1
66 1
42 1
39 1
14 1
6 1
40 1
51 1
52 1
61 1
10 1
68 1
68 1
70 1
5 1
10 1
37 1
66 1
17 1
6 1
40 1
16 1
22 1
37 1
13 1
69 1
62 1
11 1
14 1
53 1
32 1
34 1
61 1
53 1
67 1
14 1
62 1
30 1
54 1
41 1
49 1
17 1
44 1
24 1
59 1
59 1
63 1
38 1
21 1
51 1
4 1
57 1
41 1
31 1
62 1
42 1
30 1
5 1
52 1
14 1
38 1
2 1
32 1
67 1
4 1
69 1
35 1
64 1
26 1
46 1
26 1
29 1
15 1
24 1
62 1
56 1
18 1
31 1
68 1
58 1
28 1
5 1
55 1
66 1
47 1
33 1
67 1
6 1
42 1
16 1
53 1
39 1
11 1
45 1
60 1
34 1
46 1
5 1
37 1
13 1
28 1
31 1
15 1
8 1
63 1
15 1
15 1
68 1
1 1
40 1
17 1
8 1
62 1
50 1
2 1
10 1
24 1
23 1
50 1
59 1
18 1
1 1
46 1
35 1
43 1
54 1
60 1
17 1
35 1
9 1
28 1
19 1
35 1
13 1
40 1
34 1
11 1
56 1
16 1
23 1
23 1
5 1
12 1
4 1
37 1
32 1
30 1
54 1
59 1
11 1
43 1
52 1
20 1
70 1
37 1
39 1
68 1
65 1
27 1
64 1
17 1
53 1
64 1
9 1
57 1
34 1
46 1
32 1
56 1
29 1
42 1
34 1
33 1
63 1
4 1
4 1
49 1
11 1
5 1
42 1
22 1
1 1
5 1
69 1
48 1
63 1
11 1
47 1
16 1
28 1
56 1
65 1
3 1
16 1
30 1
16 1
68 1
17 1
62 1
26 1
32 1
12 1
14 1
17 1
65 1
68 1
43 1
56 1
26 1
69 1
42 1
25 1
7 1
30 1
10 1
44 1
46 1
56 1
54 1
43 1
53 1
67 1
20 1
10 1
50 1
24 1
62 1
37 1
30 1
26 1
35 1
29 1
18 1
55 1
67 1
33 1
5 1
52 1
14 1
11 1
1 1
22 1
34 1
18 1
30 1
54 1
14 1
9 1
20 1
32 1
43 1
24 1
37 1
28 1
32 1
33 1
38 1
53 1
11 1
4 1
9 1
65 1
36 1
64 1
8 1
37 1
1 1
29 1
41 1
29 1
55 1
10 1
70 1
18 1
45 1
1 1
13 1
50 1
36 1
63 1
14 1
2 1
5 1
59 1
32 1
39 1
54 1
47 1
38 1
38 1
23 1
1 1
43 1
69 1
23 1
35 1
27 1
21 1
21 1
65 1
11 1
26 1
13 1
44 1
9 1
23 1
46 1
7 1
49 1
4 1
59 1
34 1
48 1
64 1
45 1
37 1
58 1
34 1
67 1
15 1
36 1
46 1
35 1
39 1
27 1
2 1
5 1
53 1
19 1
55 1
32 1
36 1
64 1
16 1
37 1
51 1
51 1
15 1
57 1
47 1
64 1
36 1
43 1
39 1
32 1
22 1
6 1
42 1
29 1
25 1
59 1
68 1
48 1
17 1
2 1
7 1
3 1
19 1
29 1
36 1
15 1
3 1
55 1
40 1
50 1
55 1
54 1
2 1
13 1
41 1
61 1
21 1
57 1
11 1
2 1
7 1
16 1
56 1
58 1
51 1
4 1
18 1
39 1
36 1
66 1
45 1
19 1
9 1
4 1
20 1
60 1
43 1
53 1
64 1
67 1
36 1
47 1
49 1
29 1
51 1
62 1
18 1
26 1
27 1
32 1
1 1
41 1
1 1
3 1
67 1
14 1
15 1
49 1
53 1
67 1
21 1
58 1
3 1
59 1
14 1
51 1
55 1
31 1
69 1
54 1
62 1
29 1
13 1
4 1
4 1
48 1
30 1
27 1
15 1
37 1
52 1
56 1
29 1
44 1
19 1
39 1
47 1
54 1
4 1
28 1
16 1
36 1
64 1
38 1
23 1
18 1
17 1
48 1
51 1
41 1
2 1
52 1
67 1
14 1
7 1
23 1
63 1
14 1
65 1
46 1
40 1
57 1
15 1
29 1
49 1
8 1
17 1
26 1
40 1
4 1
3 1
37 1
28 1
17 1
10 1
51 1
59 1
41 1
2 1
15 1
48 1
41 1
57 1
69 1
54 1
9 1
33 1
68 1
28 1
39 1
63 1
15 1
33 1
49 1
43 1
33 1
17 1
46 1
11 1
16 1
65 1
5 1
64 1
8 1
4 1
61 1
55 1
69 1
29 1
27 1
44 1
34 1
69 1
25 1
51 1
13 1
61 1
35 1
10 1
49 1
61 1
46 1
18 1
24 1
21 1
18 1
9 1
52 1
54 1
25 1
39 1
57 1
39 1
26 1
3 1
59 1
70 1
55 1
62 1
11 1
8 1
69 1
10 1
69 1
52 1
30 1
28 1
60 1
57 1
20 1
22 1
7 1
61 1
9 1
10 1
62 1
43 1
70 1
63 1
51 1
68 1
6 1
65 1
37 1
2 1
9 1
45 1
4 1
20 1
69 1
40 1
6 1
60 1
29 1
52 1
61 1
7 1
60 1
25 1
70 1
32 1
63 1
21 1
16 1
56 1
23 1
42 1
13 1
54 1
8 1
17 1
26 1
51 1
14 1
67 1
10 1
38 1
32 1
60 1
62 1
7 1
68 1
70 1
62 1
53 1
5 1
63 1
17 1
47 1
33 1
31 1
31 1
60 1
57 1
31 1
68 1
33 1
3 1
7 1
29 1
56 1
42 1
46 1
26 1
70 1
50 1
45 1
11 1
34 1
50 1
30 1
51 1
49 1
62 1
36 1
35 1
16 1
7 1
8 1
27 1
64 1
30 1
44 1
20 1
64 1
33 1
25 1
50 1
49 1
1 1
63 1
32 1
15 1
49 1
39 1
10 1
60 1
34 1
49 1
52 1
50 1
2 1
45 1
57 1
22 1
53 1
60 1
41 1
32 1
33 1
67 1
26 1
34 1
66 1
55 1
53 1
70 1
50
Matilde 0 13565 7:59 2
Helena 1 13719 8:0 15
Rui 2 9619 10:34 14
Joana 3 2248 18:43 8
Rui 4 10781 13:51 1
Joana 5 9553 12:57 13
Pedro 6 2693 8:56 11
Leonor 7 2155 18:33 15
Joao 8 17070 12:57 12
Joao 9 13631 13:25 13
Maria 10 13959 15:35 3
Leonor 11 9691 17:5 8
Domingos 12 16787 10:30 10
Joana 13 1386 13:26 1
Ana 14 10317 15:27 15
Pedro 15 1554 17:30 2
Maria 16 9064 7:14 11
Matilde 17 5249 16:28 4
Helena 18 9785 9:44 5
Domingos 19 16826 13:26 2
Pedro 20 9443 7:30 11
Matilde 21 4546 15:41 11
Matilde 22 16492 12:19 8
Leonor 23 1662 11:8 12
Henrique 24 2457 18:44 6
Henrique 25 11857 9:13 3
Leonor 26 9464 15:32 7
Tiago 27 10619 10:40 7
Tiago 28 2459 10:16 6
Joana 29 1527 8:5 3
Domingos 30 11234 8:37 8
Helena 31 1179 8:10 15
Joana 32 8340 11:7 5
Matilde 33 3654 18:13 11
Henrique 34 3400 12:5 4
Matilde 35 7928 8:16 12
Pedro 36 15161 18:1 13
Ana 37 1129 9:0 14
Helena 38 2456 17:3 5
Joao 39 8429 16:41 7
Mario 40 9377 12:18 7
Mario 41 14280 19:40 14
Bruno 42 8646 11:1 13
Bruno 43 17101 19:5 8
Joao 44 7456 18:30 7
Mario 45 12333 10:51 3
Ana 46 3107 13:12 7
Henrique 47 11741 7:58 9
Helena 48 11614 18:5 3
Tiago 49 5044 18:8 14
