1
resources/maps/EspinhoMap
17120
50000 5 5
700
39 1
58 1
60 1
48 1
59 1
36 1
67 1
52 1
34 1
21 1
2 1
16 1
17 1
48 1
4 1
2 1
70 1
14 1
38 1
65 1
7 1
17 1
44 1
40 1
17 1
56 1
12 1
16 1
42 1
44 1
10 1
15 1
62 1
38 1
39 1
46 1
56 1
48 1
52 1
70 1
30 1
68 1
46 1
22 1
65 1
24 1
19 1
28 1
65 1
20 1
49 1
42 1
62 1
55 1
44 1
38 1
14 1
57 1
9 1
28 1
28 1
14 1
33 1
55 1
54 1
13 1
10 1
10 1
2 1
29 1
13 1
65 1
3 1
34 1
40 1
11 1
54 1
28 1
34 1
21 1
63 1
6 1
4 1
68 1
12 1
15 1
7 1
35 1
27 1
5 1
32 1
30 1
50 1
36 1
35 1
37 1
66 1
14 1
25 1
65 1
67 1
54 1
65 1
63 1
14 1
56 1
68 1
6 1
52 1
68 1
34 1
33 1
13 1
59 1
37 1
15 1
35 1
33 1
32 1
25 1
13 1
44 1
16 1
6 1
64 1
51 1
58 1
24 1
6 1
70 1
50 1
28 1
32 1
55 1
55 1
25 1
49 1
67 1
41 1
31 1
25 1
25 1
54 1
43 1
46 1
20 1
16 1
32 1
15 1
63 1
17 1
8 1
53 1
46 1
15 1
36 1
60 1
2 1
55 1
54 1
19 1
9 1
27 1
45 1
15 1
62 1
53 1
61 1
58 1
9 1
5 1
3 1
62 1
54 1
18 1
38 1
51 1
70 1
65 1
21 1
7 1
48 1
21 1
60 1
29 1
16 1
32 1
54 1
1 1
63 1
2 1
68 1
8 1
41 1
61 1
30 1
27 1
24 1
36 1
11 1
27 1
43 1
33 1
38 1
15 1
43 1
53 1
26 1
22 1
57 1
20 1
1 1
45 1
35 1
12 1
60 1
30 1
67 1
9 1
11 1
44 1
54 1
22 1
56 1
12 1
11 1
44 1
62 1
48 1
65 1
40 1
3 1
62 1
55 1
27 1
56 1
59 1
41 1
33 1
67 1
12 1
55 1
28 1
28 1
2 1
60 1
17 1
43 1
51 1
2 1
43 1
10 1
39 1
18 1
38 1
48 1
14 1
58 1
41 1
7 1
44 1
69 1
3 1
33 1
38 1
21 1
30 1
44 1
57 1
20 1
30 1
57 1
49 1
69 1
69 1
8 1
8 1
32 1
8 1
34 1
51 1
20 1
2 1
7 1
2 1
8 1
36 1
29 1
9 1
58 1
15 1
33 1
27 1
38 1
21 1
30 1
17 1
47 1
18 1
14 1
62 1
47 1
2 1
5 1
51 1
40 1
33 1
70 1
14 1
10 1
27 1
14 1
43 1
25 1
13 1
62 1
14 1
28 1
40 1
5 1
60 1
20 1
50 1
33 1
38 1
29 1
54 1
23 1
5 1
68 1
40 1
58 1
33 1
31 1
43 1
22 1
53 1
66 1
54 1
10 1
21 1
66 1
6 1
30 1
66 1
15 1
38 1
11 1
55 1
55 1
58 1
41 1
41 1
53 1
70 1
33 1
29 1
51 1
34 1
17 1
32 1
58 1
50 1
51 1
25 1
54 1
55 1
15 1
8 1
28 1
36 1
46 1
68 1
67 1
1 1
15 1
3 1
51 1
8 1
57 1
4 1
46 1
50 1
17 1
39 1
49 1
25 1
30 1
2 1
28 1
43 1
62 1
49 1
31 1
33 1
37 1
23 1
67 1
14 1
25 1
39 1
47 1
3 1
47 1
42 1
22 1
21 1
32 1
68 1
6 1
37 1
65 1
54 1
17 1
39 1
9 1
70 1
57 1
1 1
64 1
63 1
2 1
43 1
42 1
19 1
2 1
17 1
42 1
38 1
18 1
46 1
51 1
31 1
35 1
13 1
51 1
62 1
31 1
10 1
20 1
28 1
34 1
16 1
49 1
48 1
58 1
12 1
64 1
48 1
54 1
33 1
3 1
11 1
63 1
7 1
10 1
67 1
62 1
10 1
51 1
58 1
8 1
2 1
16 1
64 1
36 1
35 1
8 1
41 1
59 1
61 1
9 1
21 1
18 1
60 1
17 1
57 1
70 1
1 1
62 1
58 1
34 1
17 1
46 1
49 1
31 1
33 1
28 1
26 1
23 1
62 1
58 1
56 1
70 1
36 1
67 1
46 1
65 1
69 1
45 1
47 1
2 1
64 1
11 1
44 1
65 1
2 1
11 1
5 1
19 1
23 1
69 1
49 1
69 1
10 1
13 1
2 1
31 1
54 1
20 1
40 1
64 1
63 1
58 1
23 1
48 1
6 1
9 1
62 1
50 1
29 1
64 1
1 1
61 1
64 1
68 1
67 1
19 1
1 1
59 1
49 1
37 1
52 1
54 1
39 1
30 1
56 1
60 1
5 1
46 1
45 1
67 1
27 1
36 1
8 1
59 1
28 1
1 1
18 1
18 1
46 1
65 1
23 1
62 1
59 1
69 1
33 1
9 1
17 1
51 1
39 1
66 1
61 1
46 1
50 1
19 1
70 1
13 1
24 1
64 1
50 1
67 1
29 1
37 1
20 1
47 1
70 1
5 1
10 1
60 1
14 1
50 1
21 1
10 1
33 1
41 1
15 1
32 1
39 1
45 1
15 1
28 1
1 1
19 1
16 1
39 1
5 1
30 1
41 1
34 1
48 1
17 1
7 1
35 1
55 1
21 1
17 1
35 1
67 1
55 1
48 1
27 1
44 1
4 1
18 1
54 1
49 1
9 1
64 1
35 1
69 1
10 1
15 1
12 1
29 1
54 1
6 1
30 1
42 1
46 1
4 1
67 1
5 1
17 1
21 1
18 1
39 1
57 1
59 1
1 1
54 1
43 1
37 1
43 1
10 1
68 1
16 1
17 1
13 1
49 1
3 1
12 1
1 1
48 1
14 1
11 1
31 1
37 1
14 1
38 1
21 1
69 1
30 1
13 1
57 1
67 1
58 1
48 1
44 1
37 1
23 1
23 1
63 1
68 1
67 1
3 1
47 1
36 1
48 1
24 1
53 1
43 1
30 1
66 1
38 1
37 1
62 1
42 1
31 1
37 1
100
Domingos 0 4818 12:18 15
Henrique 1 8362 11:36 11
Joao 2 1226 8:3 13
Bruno 3 521 17:8 9
Henrique 4 1283 17:0 9
Joana 5 1795 10:23 12
Domingos 6 12289 14:47 11
Tiago 7 15779 11:16 2
Ana 8 2534 12:29 6
Domingos 9 9070 10:20 13
Rui 10 13391 11:56 9
Henrique 11 70 16:16 14
Pedro 12 17213 11:12 15
Domingos 13 16713 10:39 2
Maria 14 17273 9:48 8
Helena 15 7870 13:59 15
Mario 16 2352 17:53 1
Pedro 17 184 14:56 5
Henrique 18 7361 8:56 14
Maria 19 1187 18:57 10
Rui 20 14697 18:43 7
Maria 21 960 12:59 15
Tiago 22 12392 9:48 4
Mario 23 15129 14:29 6
Leonor 24 11419 17:25 13
Helena 25 14624 10:35 7
Mario 26 16493 12:39 12
Rui 27 17454 13:29 3
Ana 28 14035 13:14 15
Mario 29 6585 19:32 7
Helena 30 7365 14:50 5
Maria 31 16075 13:17 11
Domingos 32 16757 12:16 10
Domingos 33 10450 15:26 2
Rui 34 11355 8:49 15
Maria 35 6728 13:50 4
Ana 36 1091 14:27 15
Leonor 37 6149 12:19 13
Matilde 38 35 10:31 6
Domingos 39 5875 14:39 9
Maria 40 5683 10:26 5
Bruno 41 14528 7:4 6
Bruno 42 5120 19:46 7
Joao 43 9359 11:44 11
Matilde 44 9712 8:37 5
Joao 45 6685 19:3 11
Rui 46 465 14:30 13
Bruno 47 15721 10:58 10
Mario 48 2409 13:8 15
Bruno 49 14692 15:16 3
Leonor 50 9585 15:44 4
Joao 51 2899 12:55 3
Helena 52 17155 10:56 12
Joana 53 15621 12:3 10
Pedro 54 4780 15:45 10
Maria 55 712 16:59 7
Joao 56 11343 7:1 9
Helena 57 7081 16:57 3
Rui 58 6022 12:12 8
Henrique 59 14586 9:38 4
Tiago 60 13360 9:47 5
Helena 61 5343 16:30 12
Domingos 62 8326 15:59 6
Henrique 63 13297 8:40 4
Rui 64 4716 12:52 10
Leonor 65 8009 14:45 4
Rui 66 14768 11:37 6
Matilde 67 12910 17:2 6
Henrique 68 100 12:25 12
Pedro 69 7278 15:28 13
Rui 70 6930 7:36 5
Matilde 71 2050 9:10 13
Pedro 72 10578 18:23 7
Ana 73 12988 13:23 13
Mario 74 8108 16:44 9
Joao 75 17411 17:12 12
Domingos 76 416 11:20 7
Mario 77 1950 10:8 13
Mario 78 6568 19:24 9
Bruno 79 8803 7:46 1
Joana 80 12803 15:11 1
Joana 81 14412 17:13 10
Henrique 82 6395 10:21 12
Bruno 83 8288 14:59 4
Matilde 84 5772 15:57 11
Ana 85 13639 17:1 4
Ana 86 8812 10:48 1
Maria 87 6086 17:0 13
Maria 88 16884 12:45 14
Maria 89 13679 8:58 11
Leonor 90 9432 12:24 8
Henrique 91 13978 10:4 11
Leonor 92 1371 7:10 10
Helena 93 4098 12:11 5
Matilde 94 15004 8:52 14
Maria 95 9515 8:35 9
Joao 96 7247 16:54 8
Mario 97 13269 16:54 13
Bruno 98 6962 15:9 15
Henrique 99 14706 11:3 8
