1
resources/maps/EspinhoMap
406
50000 5 5
700
30 1
68 1
20 1
48 1
13 1
89 1
58 1
3 1
29 1
16 1
23 1
52 1
83 1
4 1
83 1
26 1
3 1
64 1
100 1
58 1
29 1
15 1
100 1
19 1
42 1
85 1
91 1
66 1
33 1
75 1
26 1
31 1
7 1
56 1
8 1
16 1
34 1
72 1
84 1
5 1
28 1
81 1
23 1
12 1
3 1
92 1
11 1
46 1
88 1
37 1
69 1
49 1
89 1
26 1
59 1
79 1
3 1
25 1
52 1
79 1
48 1
47 1
20 1
3 1
35 1
4 1
55 1
86 1
93 1
53 1
53 1
2 1
36 1
69 1
96 1
8 1
42 1
95 1
41 1
39 1
77 1
74 1
59 1
78 1
57 1
14 1
33 1
46 1
21 1
38 1
18 1
100 1
49 1
99 1
67 1
46 1
43 1
24 1
15 1
44 1
85 1
39 1
2 1
45 1
98 1
75 1
56 1
91 1
44 1
45 1
59 1
91 1
26 1
44 1
68 1
48 1
82 1
100 1
90 1
7 1
85 1
23 1
55 1
43 1
81 1
90 1
39 1
78 1
11 1
38 1
26 1
11 1
73 1
94 1
94 1
30 1
42 1
99 1
61 1
77 1
85 1
3 1
51 1
44 1
6 1
50 1
35 1
95 1
43 1
91 1
26 1
38 1
67 1
13 1
81 1
94 1
21 1
77 1
33 1
62 1
70 1
35 1
100 1
8 1
26 1
75 1
89 1
37 1
20 1
46 1
50 1
14 1
81 1
81 1
97 1
20 1
11 1
73 1
49 1
55 1
98 1
24 1
30 1
91 1
27 1
91 1
88 1
31 1
19 1
36 1
8 1
41 1
42 1
18 1
27 1
17 1
80 1
26 1
75 1
98 1
36 1
100 1
36 1
82 1
79 1
55 1
35 1
89 1
19 1
1 1
69 1
28 1
65 1
22 1
21 1
38 1
80 1
71 1
78 1
68 1
59 1
66 1
52 1
49 1
97 1
24 1
45 1
56 1
11 1
18 1
33 1
21 1
45 1
48 1
77 1
93 1
4 1
19 1
67 1
6 1
63 1
61 1
7 1
14 1
5 1
34 1
44 1
31 1
91 1
45 1
1 1
15 1
67 1
96 1
50 1
93 1
96 1
40 1
2 1
8 1
94 1
12 1
42 1
70 1
24 1
19 1
16 1
59 1
76 1
28 1
24 1
3 1
63 1
22 1
79 1
45 1
46 1
32 1
42 1
6 1
48 1
82 1
85 1
54 1
66 1
73 1
8 1
1 1
83 1
16 1
52 1
20 1
79 1
23 1
7 1
53 1
69 1
16 1
30 1
24 1
59 1
60 1
31 1
100 1
55 1
91 1
54 1
54 1
20 1
79 1
15 1
79 1
55 1
86 1
32 1
92 1
83 1
38 1
69 1
81 1
57 1
84 1
5 1
74 1
12 1
96 1
59 1
94 1
32 1
84 1
17 1
97 1
13 1
83 1
39 1
97 1
35 1
53 1
39 1
67 1
95 1
28 1
63 1
86 1
8 1
72 1
28 1
4 1
51 1
86 1
30 1
25 1
36 1
81 1
4 1
49 1
82 1
95 1
94 1
37 1
45 1
39 1
48 1
88 1
73 1
90 1
64 1
42 1
10 1
63 1
22 1
17 1
42 1
58 1
43 1
40 1
15 1
29 1
32 1
68 1
38 1
74 1
89 1
5 1
26 1
83 1
14 1
57 1
77 1
43 1
100 1
3 1
99 1
72 1
39 1
2 1
41 1
97 1
46 1
99 1
13 1
22 1
36 1
97 1
70 1
38 1
42 1
71 1
11 1
16 1
53 1
87 1
15 1
13 1
33 1
13 1
84 1
41 1
70 1
42 1
24 1
52 1
98 1
98 1
36 1
83 1
19 1
80 1
23 1
79 1
26 1
84 1
96 1
98 1
56 1
33 1
56 1
91 1
76 1
29 1
81 1
6 1
6 1
69 1
56 1
4 1
14 1
17 1
54 1
16 1
88 1
48 1
53 1
63 1
31 1
44 1
50 1
46 1
95 1
60 1
28 1
65 1
99 1
57 1
31 1
38 1
6 1
19 1
45 1
34 1
54 1
72 1
29 1
39 1
87 1
18 1
39 1
43 1
13 1
5 1
68 1
3 1
96 1
47 1
62 1
68 1
7 1
7 1
58 1
38 1
19 1
48 1
35 1
11 1
94 1
31 1
6 1
94 1
19 1
45 1
92 1
75 1
15 1
82 1
47 1
66 1
36 1
39 1
9 1
77 1
69 1
14 1
9 1
79 1
35 1
51 1
52 1
55 1
63 1
45 1
91 1
50 1
52 1
79 1
94 1
64 1
97 1
64 1
32 1
27 1
74 1
37 1
48 1
77 1
23 1
49 1
15 1
11 1
74 1
66 1
86 1
83 1
19 1
94 1
15 1
56 1
88 1
64 1
31 1
30 1
26 1
88 1
75 1
7 1
69 1
88 1
87 1
56 1
94 1
1 1
42 1
5 1
91 1
50 1
36 1
28 1
75 1
83 1
60 1
7 1
28 1
68 1
22 1
56 1
25 1
47 1
76 1
21 1
16 1
59 1
71 1
96 1
56 1
22 1
48 1
80 1
90 1
77 1
39 1
52 1
61 1
35 1
16 1
67 1
75 1
72 1
17 1
42 1
58 1
11 1
36 1
94 1
75 1
13 1
72 1
21 1
13 1
55 1
1 1
70 1
25 1
6 1
51 1
75 1
5 1
46 1
71 1
43 1
11 1
13 1
6 1
100 1
36 1
68 1
26 1
30 1
69 1
90 1
87 1
52 1
56 1
36 1
13 1
15 1
33 1
34 1
66 1
57 1
71 1
16 1
54 1
4 1
69 1
10 1
21 1
83 1
90 1
8 1
92 1
12 1
41 1
96 1
84 1
43 1
21 1
62 1
28 1
50 1
97 1
58 1
78 1
53 1
82 1
84 1
48 1
59 1
100 1
29 1
30 1
33 1
45 1
44 1
50 1
67 1
44 1
40 1
63 1
25 1
19 1
4 1
79 1
49 1
67 1
54 1
69 1
78 1
80 1
52 1
65 1
22 1
63 1
27 1
93 1
95 1
6 1
26 1
84 1
54 1
88 1
28 1
50
Helena 0 10143 17:4 7
Pedro 1 2056 12:29 8
Matilde 2 810 9:43 1
Tiago 3 14434 15:47 7
Tiago 4 7269 14:39 1
Maria 5 11900 11:13 9
Mario 6 3130 14:10 10
Matilde 7 6798 7:21 7
Mario 8 7627 7:16 4
Bruno 9 8684 17:22 2
Maria 10 4829 10:39 7
Leonor 11 15742 9:42 4
Mario 12 16468 10:22 6
Ana 13 12404 19:34 9
Helena 14 17341 7:33 7
Bruno 15 13701 15:7 8
Joao 16 13142 9:17 9
Domingos 17 11343 9:12 1
Ana 18 12309 8:8 10
Tiago 19 2863 14:48 9
Mario 20 14334 8:55 10
Joao 21 14342 19:31 3
Joao 22 15765 13:10 10
Ana 23 13792 17:10 8
Joao 24 2031 12:46 1
Mario 25 8652 13:47 7
Maria 26 16044 16:45 3
Tiago 27 15741 16:30 1
Maria 28 15870 12:22 2
Joao 29 8646 19:56 6
Leonor 30 16819 18:14 9
Leonor 31 5043 13:19 1
Matilde 32 494 12:12 7
Mario 33 4401 10:6 5
Ana 34 6144 17:45 7
Matilde 35 7116 9:40 5
Tiago 36 1248 18:54 8
Ana 37 4698 16:44 7
Maria 38 3852 12:33 5
Matilde 39 17155 9:53 9
Henrique 40 8756 13:44 9
Domingos 41 9016 12:16 4
Matilde 42 14503 16:46 6
Henrique 43 1025 14:54 7
Pedro 44 3214 17:15 3
Helena 45 9121 11:35 2
Maria 46 2344 12:28 10
Mario 47 3876 16:5 4
Helena 48 6127 15:40 3
Henrique 49 15606 7:9 5
