1
resources/maps/EspinhoMap
4714
50000 5 5
700
9 1
100 1
66 1
63 1
100 1
69 1
46 1
16 1
38 1
66 1
52 1
85 1
64 1
32 1
25 1
42 1
74 1
24 1
92 1
41 1
14 1
92 1
37 1
49 1
42 1
66 1
90 1
69 1
68 1
15 1
77 1
37 1
39 1
42 1
62 1
43 1
27 1
63 1
98 1
81 1
58 1
3 1
84 1
6 1
73 1
41 1
46 1
18 1
77 1
74 1
12 1
12 1
34 1
85 1
41 1
87 1
83 1
84 1
82 1
6 1
7 1
7 1
95 1
11 1
51 1
59 1
98 1
61 1
54 1
9 1
23 1
98 1
89 1
52 1
54 1
89 1
7 1
19 1
91 1
13 1
84 1
27 1
35 1
89 1
96 1
57 1
77 1
29 1
59 1
39 1
48 1
28 1
47 1
37 1
80 1
67 1
53 1
50 1
75 1
47 1
59 1
22 1
73 1
43 1
5 1
34 1
94 1
29 1
34 1
50 1
39 1
17 1
50 1
51 1
19 1
65 1
18 1
53 1
80 1
75 1
36 1
6 1
24 1
80 1
75 1
32 1
9 1
74 1
77 1
52 1
4 1
56 1
95 1
71 1
93 1
4 1
56 1
9 1
12 1
22 1
62 1
75 1
94 1
3 1
78 1
53 1
32 1
65 1
50 1
73 1
71 1
5 1
92 1
66 1
27 1
72 1
48 1
45 1
85 1
74 1
34 1
44 1
6 1
12 1
81 1
52 1
22 1
21 1
51 1
44 1
33 1
28 1
67 1
22 1
25 1
96 1
27 1
18 1
84 1
43 1
17 1
72 1
40 1
83 1
28 1
7 1
84 1
50 1
30 1
83 1
40 1
69 1
97 1
79 1
16 1
71 1
79 1
84 1
29 1
82 1
86 1
16 1
20 1
7 1
60 1
46 1
95 1
30 1
10 1
65 1
33 1
89 1
11 1
99 1
2 1
89 1
100 1
56 1
99 1
88 1
49 1
15 1
99 1
33 1
18 1
16 1
46 1
53 1
79 1
43 1
76 1
60 1
41 1
72 1
54 1
51 1
90 1
60 1
61 1
27 1
91 1
26 1
79 1
25 1
28 1
25 1
33 1
83 1
47 1
18 1
57 1
96 1
73 1
29 1
53 1
64 1
41 1
88 1
88 1
82 1
46 1
62 1
54 1
69 1
83 1
69 1
22 1
84 1
77 1
63 1
73 1
21 1
22 1
39 1
68 1
69 1
31 1
47 1
6 1
78 1
99 1
36 1
53 1
12 1
73 1
40 1
14 1
4 1
26 1
39 1
75 1
74 1
48 1
1 1
48 1
46 1
66 1
39 1
56 1
30 1
77 1
84 1
81 1
66 1
74 1
82 1
58 1
8 1
58 1
17 1
20 1
96 1
34 1
27 1
91 1
78 1
54 1
84 1
63 1
79 1
52 1
80 1
22 1
82 1
53 1
39 1
40 1
44 1
96 1
85 1
72 1
78 1
46 1
38 1
24 1
93 1
5 1
39 1
20 1
57 1
47 1
78 1
67 1
15 1
85 1
82 1
92 1
65 1
29 1
27 1
71 1
32 1
24 1
36 1
86 1
56 1
36 1
49 1
69 1
25 1
2 1
51 1
91 1
14 1
79 1
66 1
7 1
85 1
25 1
3 1
99 1
70 1
3 1
30 1
40 1
25 1
8 1
66 1
82 1
9 1
39 1
50 1
70 1
83 1
94 1
2 1
37 1
13 1
39 1
95 1
75 1
75 1
28 1
90 1
48 1
27 1
42 1
100 1
93 1
8 1
31 1
42 1
54 1
94 1
74 1
67 1
22 1
64 1
7 1
86 1
4 1
14 1
39 1
68 1
93 1
7 1
2 1
83 1
57 1
2 1
8 1
96 1
86 1
21 1
73 1
62 1
91 1
2 1
69 1
27 1
74 1
41 1
74 1
27 1
21 1
45 1
39 1
2 1
89 1
22 1
41 1
87 1
75 1
48 1
80 1
11 1
58 1
26 1
76 1
22 1
38 1
69 1
92 1
28 1
31 1
78 1
27 1
34 1
9 1
89 1
97 1
28 1
7 1
48 1
60 1
42 1
17 1
67 1
84 1
10 1
86 1
37 1
91 1
25 1
61 1
47 1
49 1
39 1
88 1
43 1
96 1
4 1
82 1
28 1
79 1
28 1
98 1
40 1
60 1
47 1
41 1
74 1
34 1
38 1
38 1
41 1
8 1
41 1
100 1
8 1
27 1
53 1
44 1
28 1
89 1
27 1
1 1
7 1
7 1
65 1
92 1
78 1
61 1
21 1
7 1
89 1
20 1
20 1
33 1
86 1
97 1
81 1
31 1
39 1
55 1
18 1
46 1
12 1
97 1
53 1
8 1
80 1
93 1
51 1
95 1
63 1
87 1
26 1
84 1
64 1
82 1
65 1
48 1
31 1
24 1
72 1
73 1
34 1
45 1
87 1
82 1
8 1
50 1
59 1
40 1
98 1
10 1
87 1
100 1
5 1
88 1
81 1
25 1
60 1
10 1
49 1
64 1
26 1
57 1
33 1
72 1
14 1
6 1
98 1
55 1
23 1
93 1
65 1
82 1
70 1
80 1
2 1
84 1
82 1
86 1
9 1
39 1
66 1
13 1
18 1
38 1
13 1
33 1
3 1
10 1
90 1
5 1
82 1
1 1
85 1
91 1
65 1
43 1
22 1
79 1
52 1
13 1
16 1
92 1
46 1
88 1
73 1
22 1
96 1
40 1
100 1
23 1
36 1
40 1
55 1
85 1
10 1
83 1
74 1
99 1
67 1
3 1
11 1
48 1
44 1
57 1
56 1
100 1
9 1
85 1
14 1
8 1
41 1
79 1
95 1
32 1
36 1
82 1
51 1
75 1
90 1
9 1
66 1
31 1
84 1
39 1
77 1
50 1
88 1
27 1
13 1
76 1
34 1
20 1
100 1
73 1
48 1
73 1
35 1
49 1
66 1
28 1
87 1
66 1
30 1
8 1
25 1
83 1
66 1
73 1
44 1
43 1
27 1
15 1
72 1
3 1
36 1
41 1
76 1
31 1
64 1
55 1
3 1
38 1
36 1
58 1
59 1
85 1
73 1
19 1
70 1
90 1
39 1
86 1
34 1
1
Domingos 0 11369 13:7 6
