1
resources/maps/EspinhoMap
13740
50000 5 5
700
70 1
33 1
74 1
33 1
14 1
76 1
67 1
51 1
18 1
75 1
42 1
26 1
36 1
45 1
2 1
54 1
46 1
18 1
59 1
24 1
23 1
31 1
48 1
71 1
74 1
99 1
58 1
15 1
48 1
24 1
75 1
55 1
45 1
2 1
28 1
38 1
54 1
96 1
83 1
24 1
22 1
53 1
62 1
73 1
26 1
37 1
60 1
42 1
71 1
52 1
99 1
99 1
6 1
9 1
26 1
50 1
25 1
55 1
31 1
50 1
65 1
4 1
25 1
98 1
78 1
27 1
16 1
74 1
6 1
20 1
29 1
38 1
14 1
61 1
36 1
2 1
33 1
47 1
47 1
86 1
63 1
49 1
61 1
99 1
9 1
1 1
54 1
70 1
45 1
93 1
9 1
11 1
76 1
31 1
67 1
40 1
94 1
27 1
2 1
11 1
22 1
53 1
58 1
25 1
59 1
3 1
38 1
17 1
10 1
76 1
90 1
65 1
45 1
26 1
92 1
83 1
8 1
61 1
93 1
42 1
49 1
64 1
97 1
42 1
81 1
8 1
82 1
25 1
53 1
51 1
72 1
68 1
74 1
34 1
1 1
17 1
53 1
10 1
39 1
99 1
97 1
64 1
62 1
87 1
82 1
23 1
28 1
91 1
70 1
53 1
78 1
52 1
86 1
45 1
61 1
35 1
60 1
44 1
32 1
30 1
18 1
63 1
84 1
77 1
86 1
48 1
34 1
75 1
99 1
66 1
67 1
50 1
54 1
22 1
10 1
95 1
2 1
36 1
69 1
15 1
13 1
46 1
57 1
11 1
44 1
67 1
96 1
99 1
49 1
91 1
55 1
29 1
55 1
58 1
49 1
54 1
37 1
18 1
77 1
97 1
35 1
53 1
83 1
83 1
93 1
75 1
98 1
63 1
9 1
19 1
12 1
95 1
75 1
20 1
59 1
63 1
11 1
87 1
58 1
88 1
71 1
8 1
3 1
63 1
34 1
85 1
44 1
63 1
60 1
9 1
31 1
77 1
67 1
36 1
6 1
30 1
45 1
82 1
31 1
66 1
7 1
51 1
80 1
87 1
13 1
22 1
18 1
20 1
15 1
85 1
32 1
75 1
36 1
60 1
34 1
5 1
28 1
51 1
39 1
16 1
3 1
57 1
39 1
73 1
76 1
10 1
53 1
40 1
95 1
80 1
91 1
76 1
35 1
2 1
90 1
63 1
7 1
81 1
89 1
58 1
15 1
64 1
29 1
49 1
2 1
18 1
26 1
61 1
13 1
21 1
68 1
46 1
74 1
77 1
21 1
47 1
6 1
21 1
30 1
71 1
51 1
13 1
45 1
97 1
39 1
65 1
20 1
76 1
53 1
92 1
29 1
85 1
49 1
53 1
57 1
44 1
54 1
30 1
95 1
1 1
1 1
14 1
23 1
95 1
61 1
85 1
14 1
89 1
9 1
45 1
79 1
5 1
69 1
64 1
30 1
1 1
65 1
55 1
80 1
28 1
2 1
32 1
12 1
9 1
79 1
71 1
53 1
14 1
59 1
18 1
35 1
96 1
71 1
79 1
91 1
56 1
75 1
78 1
61 1
25 1
72 1
79 1
63 1
65 1
93 1
89 1
32 1
89 1
98 1
80 1
38 1
4 1
24 1
81 1
89 1
70 1
82 1
95 1
44 1
94 1
39 1
76 1
24 1
45 1
81 1
52 1
56 1
42 1
13 1
88 1
18 1
42 1
84 1
43 1
11 1
62 1
22 1
89 1
14 1
63 1
21 1
74 1
57 1
5 1
77 1
90 1
20 1
8 1
97 1
56 1
58 1
67 1
32 1
4 1
46 1
54 1
13 1
24 1
62 1
7 1
59 1
91 1
85 1
95 1
73 1
52 1
46 1
54 1
42 1
68 1
84 1
24 1
96 1
23 1
97 1
13 1
70 1
23 1
46 1
60 1
70 1
47 1
12 1
99 1
3 1
47 1
31 1
86 1
96 1
47 1
50 1
61 1
49 1
33 1
11 1
6 1
3 1
39 1
84 1
48 1
19 1
73 1
95 1
4 1
13 1
75 1
10 1
62 1
99 1
50 1
54 1
96 1
15 1
48 1
89 1
37 1
64 1
89 1
21 1
9 1
22 1
62 1
19 1
58 1
7 1
5 1
52 1
94 1
70 1
31 1
38 1
100 1
82 1
57 1
46 1
4 1
34 1
99 1
76 1
31 1
15 1
44 1
5 1
18 1
17 1
30 1
97 1
13 1
15 1
17 1
71 1
19 1
90 1
37 1
65 1
40 1
8 1
5 1
74 1
11 1
14 1
81 1
79 1
14 1
70 1
16 1
45 1
18 1
93 1
22 1
8 1
47 1
20 1
92 1
73 1
28 1
96 1
58 1
8 1
7 1
76 1
31 1
78 1
48 1
2 1
91 1
44 1
58 1
50 1
33 1
95 1
9 1
70 1
61 1
11 1
78 1
49 1
49 1
81 1
12 1
58 1
29 1
10 1
60 1
36 1
15 1
12 1
60 1
76 1
83 1
87 1
11 1
54 1
37 1
16 1
24 1
92 1
73 1
9 1
15 1
79 1
3 1
38 1
68 1
83 1
70 1
62 1
28 1
69 1
64 1
17 1
13 1
3 1
64 1
12 1
29 1
40 1
48 1
53 1
12 1
84 1
18 1
93 1
5 1
10 1
44 1
12 1
75 1
69 1
87 1
7 1
65 1
100 1
100 1
39 1
41 1
97 1
96 1
25 1
16 1
99 1
14 1
97 1
16 1
66 1
90 1
76 1
30 1
92 1
25 1
37 1
18 1
86 1
26 1
51 1
81 1
88 1
43 1
27 1
97 1
9 1
60 1
79 1
75 1
33 1
14 1
47 1
6 1
28 1
88 1
83 1
42 1
95 1
87 1
10 1
15 1
97 1
32 1
57 1
55 1
43 1
62 1
19 1
73 1
44 1
4 1
75 1
47 1
56 1
92 1
7 1
15 1
59 1
76 1
60 1
61 1
53 1
81 1
21 1
76 1
59 1
82 1
53 1
90 1
33 1
46 1
23 1
1 1
42 1
69 1
40 1
12 1
27 1
12 1
63 1
41 1
99 1
31 1
12 1
28 1
10
Henrique 0 10289 8:46 9
Rui 1 6761 10:42 8
Bruno 2 14204 8:27 5
Pedro 3 16586 17:43 10
Matilde 4 161 10:39 5
Joao 5 10873 15:21 5
Ana 6 1831 11:48 9
Matilde 7 12345 16:55 9
Henrique 8 3918 13:27 10
Matilde 9 15816 7:0 8
