1
resources/maps/EspinhoMap
9462
50000 5 5
700
34 1
43 1
17 1
1 1
15 1
3 1
98 1
95 1
30 1
16 1
41 1
100 1
98 1
62 1
41 1
51 1
90 1
26 1
59 1
10 1
94 1
69 1
25 1
79 1
83 1
19 1
83 1
44 1
18 1
40 1
59 1
86 1
44 1
1 1
92 1
55 1
14 1
46 1
90 1
30 1
43 1
2 1
32 1
79 1
10 1
40 1
14 1
15 1
84 1
53 1
67 1
66 1
35 1
77 1
82 1
12 1
60 1
2 1
81 1
69 1
50 1
71 1
2 1
9 1
47 1
54 1
77 1
78 1
59 1
69 1
41 1
91 1
54 1
9 1
74 1
93 1
71 1
67 1
16 1
52 1
3 1
90 1
70 1
20 1
66 1
14 1
49 1
60 1
68 1
19 1
22 1
3 1
14 1
45 1
57 1
1 1
24 1
59 1
68 1
76 1
66 1
21 1
31 1
100 1
38 1
10 1
73 1
23 1
69 1
73 1
15 1
85 1
39 1
92 1
71 1
20 1
40 1
46 1
76 1
43 1
44 1
58 1
68 1
16 1
19 1
65 1
10 1
34 1
10 1
94 1
77 1
72 1
25 1
92 1
40 1
39 1
57 1
40 1
48 1
1 1
95 1
69 1
11 1
39 1
9 1
68 1
90 1
65 1
17 1
27 1
5 1
48 1
12 1
65 1
66 1
33 1
13 1
43 1
75 1
19 1
34 1
42 1
100 1
41 1
29 1
88 1
80 1
69 1
31 1
63 1
67 1
47 1
54 1
8 1
68 1
78 1
85 1
96 1
95 1
76 1
28 1
81 1
18 1
37 1
55 1
86 1
72 1
34 1
83 1
8 1
2 1
38 1
11 1
68 1
77 1
80 1
17 1
61 1
28 1
50 1
5 1
4 1
82 1
97 1
21 1
84 1
86 1
98 1
94 1
75 1
71 1
57 1
13 1
46 1
54 1
68 1
14 1
60 1
98 1
50 1
93 1
95 1
38 1
5 1
18 1
10 1
69 1
5 1
31 1
2 1
58 1
9 1
14 1
13 1
93 1
11 1
45 1
11 1
62 1
3 1
24 1
5 1
16 1
36 1
54 1
40 1
25 1
74 1
16 1
20 1
32 1
67 1
80 1
52 1
95 1
41 1
86 1
95 1
82 1
83 1
55 1
83 1
47 1
48 1
52 1
41 1
48 1
68 1
49 1
41 1
22 1
28 1
89 1
43 1
79 1
24 1
36 1
90 1
71 1
91 1
86 1
29 1
50 1
55 1
20 1
39 1
85 1
2 1
40 1
11 1
5 1
8 1
14 1
88 1
36 1
69 1
100 1
61 1
11 1
97 1
98 1
40 1
95 1
82 1
54 1
44 1
93 1
55 1
26 1
69 1
32 1
55 1
99 1
7 1
40 1
7 1
32 1
29 1
52 1
47 1
92 1
11 1
47 1
50 1
76 1
14 1
31 1
13 1
33 1
79 1
98 1
18 1
31 1
18 1
10 1
45 1
46 1
56 1
68 1
11 1
54 1
28 1
80 1
73 1
28 1
74 1
74 1
67 1
41 1
5 1
72 1
6 1
13 1
6 1
58 1
74 1
44 1
100 1
70 1
20 1
48 1
26 1
69 1
67 1
25 1
67 1
57 1
61 1
47 1
88 1
2 1
33 1
100 1
63 1
55 1
90 1
29 1
43 1
4 1
99 1
78 1
60 1
21 1
77 1
32 1
36 1
44 1
28 1
99 1
62 1
91 1
70 1
100 1
62 1
37 1
4 1
68 1
81 1
62 1
82 1
65 1
79 1
5 1
13 1
81 1
46 1
25 1
55 1
21 1
53 1
35 1
18 1
84 1
33 1
7 1
97 1
100 1
6 1
23 1
80 1
96 1
33 1
64 1
46 1
3 1
76 1
28 1
36 1
19 1
10 1
16 1
95 1
29 1
61 1
71 1
26 1
53 1
98 1
94 1
81 1
45 1
8 1
49 1
66 1
7 1
8 1
70 1
70 1
94 1
43 1
97 1
49 1
96 1
84 1
24 1
98 1
57 1
15 1
51 1
96 1
11 1
42 1
75 1
58 1
95 1
95 1
42 1
6 1
83 1
14 1
30 1
91 1
64 1
5 1
16 1
29 1
66 1
13 1
14 1
4 1
45 1
7 1
16 1
13 1
66 1
35 1
6 1
16 1
23 1
27 1
67 1
100 1
87 1
43 1
58 1
61 1
42 1
4 1
44 1
3 1
7 1
2 1
1 1
8 1
35 1
35 1
50 1
52 1
57 1
25 1
12 1
78 1
14 1
83 1
78 1
30 1
51 1
50 1
76 1
89 1
21 1
17 1
46 1
52 1
96 1
27 1
23 1
69 1
39 1
4 1
16 1
54 1
43 1
83 1
8 1
23 1
37 1
86 1
17 1
31 1
81 1
91 1
66 1
73 1
81 1
54 1
34 1
81 1
67 1
6 1
1 1
80 1
90 1
84 1
14 1
40 1
26 1
53 1
21 1
49 1
77 1
8 1
14 1
83 1
73 1
20 1
45 1
1 1
7 1
71 1
63 1
49 1
50 1
11 1
13 1
74 1
49 1
28 1
44 1
34 1
37 1
54 1
45 1
87 1
95 1
24 1
42 1
8 1
40 1
54 1
36 1
35 1
77 1
55 1
42 1
34 1
25 1
58 1
14 1
6 1
73 1
1 1
54 1
76 1
79 1
90 1
54 1
66 1
83 1
9 1
24 1
8 1
26 1
95 1
72 1
44 1
27 1
62 1
49 1
51 1
74 1
45 1
88 1
1 1
11 1
81 1
56 1
70 1
36 1
47 1
41 1
42 1
18 1
12 1
33 1
34 1
93 1
83 1
24 1
8 1
2 1
30 1
34 1
45 1
5 1
36 1
10 1
21 1
99 1
49 1
41 1
86 1
9 1
50 1
25 1
88 1
78 1
14 1
92 1
41 1
13 1
21 1
24 1
13 1
19 1
5 1
28 1
32 1
56 1
54 1
18 1
95 1
83 1
18 1
50 1
3 1
55 1
65 1
55 1
24 1
46 1
65 1
1 1
49 1
29 1
5 1
63 1
8 1
34 1
47 1
66 1
17 1
41 1
91 1
58 1
62 1
7 1
39 1
14 1
66 1
500
Ana 0 1926 11:5 2
Maria 1 17395 8:34 9
Rui 2 5486 12:52 10
Maria 3 14200 19:34 9
Pedro 4 12986 15:33 9
Joana 5 6360 9:5 7
Domingos 6 8278 7:9 10
Maria 7 2235 14:27 8
Maria 8 10393 14:34 2
Ana 9 17757 8:53 10
Helena 10 12112 15:47 7
Tiago 11 3873 19:20 10
Bruno 12 2401 16:55 3
Bruno 13 13808 15:34 2
Mario 14 12975 18:38 10
Matilde 15 14286 10:4 5
Mario 16 15986 12:51 5
Mario 17 951 14:15 9
Domingos 18 15129 8:4 8
Matilde 19 16923 7:9 9
Helena 20 10456 15:54 8
Bruno 21 2889 15:11 2
Leonor 22 10549 14:16 6
Rui 23 15877 14:38 3
Ana 24 6973 13:54 10
Joao 25 11576 16:2 4
Domingos 26 13757 7:29 9
Leonor 27 15941 8:6 1
Helena 28 5045 18:32 3
Domingos 29 1337 11:51 10
Mario 30 397 10:3 3
Bruno 31 14253 14:15 2
Joana 32 12900 17:11 1
Ana 33 9798 17:53 1
Mario 34 480 9:1 2
Tiago 35 7 12:49 7
Maria 36 5422 9:33 10
Rui 37 14823 12:17 1
Ana 38 14997 19:15 6
Joana 39 7877 19:11 4
Mario 40 727 11:32 10
Mario 41 8606 13:39 9
Bruno 42 2330 17:33 7
Tiago 43 3071 18:19 1
Pedro 44 15561 17:47 3
Joana 45 5396 12:44 1
Joao 46 3505 16:28 7
Tiago 47 13115 10:1 4
Domingos 48 2993 7:50 3
Leonor 49 13471 18:26 10
Leonor 50 13357 12:56 1
Rui 51 9522 11:51 8
Pedro 52 11605 12:35 1
Ana 53 1660 13:24 3
Matilde 54 12069 13:30 10
Leonor 55 5265 18:10 8
Joao 56 15431 10:46 2
Henrique 57 13735 9:21 7
Joao 58 4460 16:51 10
Helena 59 8932 16:16 5
Domingos 60 14910 16:58 6
Domingos 61 997 19:24 2
Leonor 62 3736 10:42 9
Joao 63 13679 8:24 1
Tiago 64 3783 13:48 9
Bruno 65 15799 15:38 3
Matilde 66 8701 7:34 8
Joao 67 845 16:7 3
Maria 68 8995 8:56 4
Joao 69 16104 18:15 4
Bruno 70 2406 7:31 6
Tiago 71 6863 17:21 8
Pedro 72 7015 18:59 9
Maria 73 619 10:29 1
Rui 74 12795 8:30 5
Maria 75 13842 18:42 9
Tiago 76 1732 8:53 5
Tiago 77 15618 7:9 7
Helena 78 4337 9:22 10
Ana 79 16772 11:42 7
Maria 80 9491 9:3 8
Joao 81 9247 17:7 2
Maria 82 663 7:9 4
Helena 83 12168 7:14 1
Bruno 84 15703 13:11 9
Helena 85 11112 17:4 4
Bruno 86 3792 8:27 8
Helena 87 1574 10:57 10
Bruno 88 5138 16:38 10
Domingos 89 935 9:23 9
Ana 90 17073 9:1 10
Maria 91 8872 14:34 4
Domingos 92 10121 7:33 8
Maria 93 14729 18:57 8
Helena 94 369 17:17 9
Tiago 95 2524 12:59 7
Helena 96 4408 15:52 8
Leonor 97 16302 14:48 10
Mario 98 12070 12:37 7
Maria 99 2416 16:6 3
Pedro 100 2065 16:7 10
Rui 101 14464 18:31 1
Mario 102 9142 13:14 8
Helena 103 3937 18:6 7
Leonor 104 13811 15:51 7
Helena 105 16041 8:5 6
Tiago 106 1913 7:26 1
Domingos 107 3911 19:41 9
Helena 108 3450 8:28 8
Tiago 109 16940 12:19 6
Rui 110 3192 16:56 2
Domingos 111 9725 11:8 1
Matilde 112 6732 17:35 5
Maria 113 15211 10:28 1
Matilde 114 4322 15:15 3
Ana 115 6465 12:27 4
Joao 116 5830 8:15 4
Ana 117 5460 13:18 4
Joana 118 12501 16:17 4
Rui 119 6177 16:58 4
Pedro 120 10672 8:51 10
Tiago 121 16736 11:52 4
Matilde 122 14960 12:38 5
Rui 123 2690 17:36 6
Mario 124 5223 8:10 10
Henrique 125 6148 11:38 4
Domingos 126 16665 12:40 8
Leonor 127 9400 17:31 5
Bruno 128 9333 12:18 2
Matilde 129 3301 14:12 10
Ana 130 11985 17:28 1
Domingos 131 10204 9:15 9
Ana 132 3646 13:10 4
Mario 133 10654 8:57 6
Domingos 134 2276 11:54 9
Joao 135 4163 18:18 6
Bruno 136 10857 16:23 4
Bruno 137 11397 10:21 8
Joana 138 4899 13:37 7
Maria 139 16843 9:23 4
Domingos 140 172 18:21 9
Maria 141 8246 14:29 4
Leonor 142 3907 11:26 5
Tiago 143 2213 9:55 3
Ana 144 6884 8:58 8
Joana 145 13979 9:23 6
Maria 146 4133 19:22 6
Joana 147 794 9:26 8
Pedro 148 1043 19:58 6
Domingos 149 14884 14:43 1
Pedro 150 2347 15:41 10
Henrique 151 760 18:15 6
Joana 152 15383 11:52 2
Tiago 153 13743 15:57 5
Pedro 154 189 9:5 4
Joana 155 1619 11:53 6
Maria 156 9845 8:49 3
Ana 157 1853 11:15 4
Leonor 158 3018 7:55 4
Pedro 159 8098 10:47 7
Matilde 160 16841 9:23 5
Henrique 161 10233 14:36 5
Helena 162 4908 8:45 1
Tiago 163 4532 18:57 9
Mario 164 9693 10:32 7
Rui 165 10940 14:54 3
Mario 166 15565 12:40 5
Leonor 167 11014 12:57 4
Pedro 168 7615 8:19 4
Tiago 169 7726 8:24 1
Matilde 170 8295 7:59 3
Matilde 171 10529 18:30 3
Ana 172 14719 17:7 9
Joao 173 8420 9:40 3
Rui 174 14723 16:12 5
Rui 175 4486 8:31 4
Joao 176 4621 18:55 4
Pedro 177 11270 12:0 4
Maria 178 3304 19:54 4
Tiago 179 14267 12:2 1
Leonor 180 4846 9:13 8
Joao 181 17483 18:14 3
Rui 182 8915 10:0 1
Joao 183 14070 15:22 5
Henrique 184 2978 14:6 3
Henrique 185 13607 12:45 1
Rui 186 4235 8:20 5
Tiago 187 14076 16:38 4
Pedro 188 3898 13:1 8
Bruno 189 4316 19:37 2
Leonor 190 1661 12:54 5
Ana 191 11624 13:4 8
Mario 192 8006 7:42 3
Helena 193 3022 13:14 1
Maria 194 916 9:39 1
Helena 195 6153 9:18 10
Tiago 196 11830 7:14 6
Leonor 197 10866 7:53 2
Ana 198 4422 8:29 2
Maria 199 193 16:23 6
Leonor 200 679 8:25 9
Tiago 201 15874 16:55 2
Maria 202 6822 10:4 3
Henrique 203 6705 11:44 9
Leonor 204 8981 14:39 4
Bruno 205 15619 11:54 9
Bruno 206 3799 16:2 1
Joao 207 793 17:15 1
Matilde 208 11886 10:26 3
Rui 209 14530 13:25 10
Matilde 210 16991 14:23 1
Helena 211 15786 17:41 4
Domingos 212 2708 17:31 3
Ana 213 15353 13:59 7
Leonor 214 16267 10:52 10
Joao 215 14942 9:56 1
Helena 216 5799 10:4 4
Helena 217 8080 14:4 8
Henrique 218 564 19:54 8
Tiago 219 15903 17:52 5
Helena 220 6104 17:14 8
Pedro 221 5488 8:18 10
Tiago 222 14943 9:50 4
Rui 223 3153 13:30 3
Mario 224 15152 13:52 2
Ana 225 2459 14:42 10
Domingos 226 14502 7:53 7
Joana 227 10865 10:24 1
Helena 228 13701 16:3 5
Mario 229 7962 7:46 7
Pedro 230 8875 18:35 7
Helena 231 1678 14:3 7
Rui 232 14820 7:26 9
Maria 233 17455 14:41 9
Mario 234 327 11:49 7
Matilde 235 2092 18:30 7
Domingos 236 15852 18:28 4
Joao 237 13676 17:38 2
Maria 238 8998 7:25 7
Helena 239 9703 18:21 10
Joana 240 12828 8:20 6
Joana 241 14289 8:36 9
Leonor 242 11362 13:30 4
Tiago 243 2876 19:49 10
Maria 244 10786 10:33 10
Maria 245 3482 8:34 9
Matilde 246 4138 7:47 9
Joao 247 1153 19:9 3
Mario 248 7560 18:23 2
Joao 249 9259 8:58 9
Mario 250 5599 14:42 4
Ana 251 1833 13:21 7
Tiago 252 15551 15:21 5
Ana 253 7286 11:25 10
Henrique 254 16922 19:41 8
Maria 255 10887 17:13 1
Pedro 256 1195 9:48 6
Pedro 257 16051 17:42 5
Maria 258 7972 19:49 4
Rui 259 10392 7:4 3
Tiago 260 9634 18:12 7
Joana 261 5964 17:37 7
Leonor 262 1894 11:56 2
Matilde 263 4816 19:18 4
Matilde 264 6031 12:13 10
Leonor 265 12948 8:54 8
Rui 266 13141 15:52 2
Helena 267 491 12:0 6
Joao 268 5435 16:47 2
Joao 269 11381 18:41 5
Mario 270 2689 8:59 4
Matilde 271 16758 9:27 2
Bruno 272 7764 16:41 6
Leonor 273 2922 7:20 9
Ana 274 10143 10:45 3
Matilde 275 14211 16:43 10
Maria 276 7236 8:55 2
Tiago 277 9119 15:56 2
Maria 278 4868 13:23 2
Joana 279 6802 8:4 7
Joana 280 762 12:31 9
Pedro 281 661 19:40 8
Mario 282 12368 18:42 7
Rui 283 9944 18:49 9
Rui 284 9008 16:30 9
Joao 285 14237 12:19 3
Joana 286 15101 18:40 5
Domingos 287 1294 16:48 1
Henrique 288 5482 16:55 1
Leonor 289 694 18:24 3
Domingos 290 880 9:18 8
Tiago 291 378 18:54 10
Joao 292 974 13:16 7
Rui 293 15057 14:7 2
Mario 294 2162 19:46 9
Matilde 295 3712 11:12 7
Leonor 296 9413 15:51 4
Henrique 297 13341 8:54 5
Pedro 298 5824 13:10 5
Maria 299 15571 9:22 8
Joao 300 5270 19:4 5
Joao 301 3984 7:53 6
Joana 302 8 18:21 4
Rui 303 7133 12:30 1
Helena 304 9964 8:36 9
Leonor 305 10427 17:58 7
Henrique 306 13752 11:41 10
Joana 307 8988 18:19 5
Joao 308 9274 16:44 5
Matilde 309 7478 13:56 2
Rui 310 7137 9:34 9
Tiago 311 2929 13:47 4
Rui 312 16617 14:23 2
Joana 313 14614 19:45 1
Domingos 314 11451 8:33 9
Pedro 315 11308 12:34 4
Henrique 316 13445 8:52 9
Joana 317 5618 11:54 9
Joana 318 8887 16:11 7
Matilde 319 1314 12:17 4
Joana 320 3449 19:29 5
Joana 321 9599 19:11 10
Tiago 322 6387 17:48 4
Matilde 323 4764 13:10 3
Mario 324 16863 14:48 3
Henrique 325 873 10:59 7
Bruno 326 7798 9:19 8
Henrique 327 1173 9:17 3
Tiago 328 12796 11:59 10
Domingos 329 15128 19:34 6
Mario 330 16935 10:48 7
Pedro 331 6228 7:23 8
Leonor 332 5459 16:42 5
Mario 333 5619 10:53 6
Pedro 334 3980 19:36 1
Mario 335 16499 10:54 5
Tiago 336 16478 15:58 2
Helena 337 6081 8:5 8
Joana 338 6328 18:7 8
Mario 339 16121 7:29 7
Maria 340 1698 11:33 5
Joao 341 12666 13:10 2
Rui 342 4145 16:6 7
Maria 343 9985 15:48 1
Ana 344 5871 17:32 4
Tiago 345 6621 7:14 4
Matilde 346 17607 14:27 7
Domingos 347 3362 13:10 9
Tiago 348 6994 15:56 10
Matilde 349 5798 8:5 8
Helena 350 504 18:19 8
Matilde 351 16238 12:42 1
Bruno 352 1563 7:57 4
Domingos 353 319 9:0 3
Joana 354 11691 10:11 10
Matilde 355 11862 12:12 9
Henrique 356 16172 9:35 7
Tiago 357 9318 14:18 6
Henrique 358 11406 16:5 8
Bruno 359 7601 15:21 6
Leonor 360 17670 11:3 9
Ana 361 17235 15:53 5
Pedro 362 3171 13:40 10
Domingos 363 9556 19:48 4
Joana 364 8357 17:29 1
Domingos 365 4427 17:17 4
Matilde 366 5310 13:18 4
Leonor 367 10942 7:2 3
Leonor 368 10789 11:14 1
Ana 369 1035 19:41 4
Joana 370 192 11:49 9
Rui 371 10562 11:52 9
Leonor 372 15449 7:41 3
Pedro 373 12257 7:27 2
Tiago 374 5425 9:45 5
Joao 375 3636 16:56 8
Pedro 376 1351 11:57 3
Rui 377 8347 8:30 5
Joao 378 1332 9:28 10
Henrique 379 6879 8:30 7
Mario 380 20 11:42 10
Joana 381 9635 11:17 8
Tiago 382 5457 8:34 4
Ana 383 3768 13:32 10
Rui 384 13603 13:40 4
Mario 385 11421 12:46 10
Helena 386 8112 13:19 6
Rui 387 558 8:59 5
Henrique 388 117 18:14 7
Tiago 389 1547 15:27 10
Helena 390 13371 7:18 10
Leonor 391 15530 16:55 8
Pedro 392 7903 14:35 4
Joana 393 15720 7:24 2
Tiago 394 12432 12:0 4
Joao 395 13980 16:1 10
Helena 396 8980 7:38 6
Leonor 397 9075 11:2 8
Matilde 398 10989 8:25 5
Maria 399 6921 13:12 6
Mario 400 9327 11:29 5
Ana 401 6468 18:47 6
Rui 402 4148 16:45 2
Maria 403 17611 17:49 7
Tiago 404 10169 18:37 8
Joana 405 3147 7:54 6
Pedro 406 1341 14:34 5
Joao 407 11401 10:27 10
Joana 408 6862 12:15 4
Bruno 409 4013 10:49 8
Joao 410 4327 14:40 4
Rui 411 4043 7:30 6
Tiago 412 16477 11:41 2
Domingos 413 11480 14:5 5
Bruno 414 3248 15:26 3
Pedro 415 2279 10:43 2
Matilde 416 15109 12:17 1
Ana 417 15899 13:49 7
Joao 418 3733 17:4 1
Pedro 419 6567 9:36 10
Pedro 420 16594 10:37 10
Maria 421 5134 17:18 9
Ana 422 15669 17:29 10
Rui 423 9941 17:16 4
Henrique 424 13725 17:24 1
Tiago 425 323 16:38 3
Helena 426 11911 19:43 2
Domingos 427 14606 18:38 5
Bruno 428 7575 16:17 8
Domingos 429 11865 19:31 4
Tiago 430 11344 14:55 4
Leonor 431 17101 11:14 2
Joao 432 5406 19:7 9
Matilde 433 7198 19:10 10
Helena 434 4258 8:34 1
Mario 435 3861 16:37 9
Maria 436 8634 10:52 6
Pedro 437 5388 16:43 2
Pedro 438 12806 10:25 9
Leonor 439 12605 15:28 9
Tiago 440 9493 15:45 1
Joao 441 2307 7:7 8
Rui 442 4375 15:8 3
Rui 443 16621 19:54 7
Joao 444 5389 9:21 9
Joao 445 14440 8:25 5
Pedro 446 5471 13:18 1
Helena 447 8087 9:18 8
Maria 448 6924 13:13 4
Mario 449 2768 16:1 2
Ana 450 2534 18:18 5
Rui 451 1467 10:23 4
Rui 452 5183 14:15 2
Domingos 453 13372 7:47 3
Leonor 454 13173 10:6 10
Mario 455 482 15:24 1
Henrique 456 16345 10:14 5
Maria 457 12699 10:47 9
Rui 458 4647 19:8 3
Rui 459 1643 16:23 4
Henrique 460 9768 10:41 4
Rui 461 13728 15:12 6
Tiago 462 16680 19:54 10
Helena 463 15684 13:53 5
Helena 464 8514 7:15 9
Maria 465 8912 8:30 6
Joao 466 12899 13:35 2
Maria 467 13537 14:33 2
Helena 468 4077 10:15 10
Rui 469 10827 18:43 10
Joana 470 13446 13:22 7
Domingos 471 14572 8:9 6
Joana 472 13769 9:8 3
Tiago 473 10449 16:45 7
Leonor 474 2614 14:18 3
Matilde 475 12125 17:14 9
Joao 476 10760 16:19 7
Rui 477 12457 19:41 2
Tiago 478 2414 15:53 10
Joao 479 9365 10:59 3
Maria 480 11219 8:27 2
Ana 481 3017 9:15 9
Joana 482 16054 19:10 10
Bruno 483 14752 16:8 8
Leonor 484 12309 12:37 7
Matilde 485 5294 9:19 1
Helena 486 15301 8:49 6
Helena 487 14374 12:19 7
Matilde 488 11690 18:40 4
Helena 489 16275 13:11 8
Maria 490 2515 17:37 8
Ana 491 13598 17:28 5
Helena 492 12278 14:11 3
Helena 493 7398 14:18 2
Bruno 494 3611 7:29 2
Joao 495 4461 12:53 10
Joana 496 17053 7:38 8
Ana 497 14968 14:7 2
Tiago 498 10553 17:38 4
Pedro 499 11299 8:16 5
