1
resources/maps/EspinhoMap
455
50000 5 5
700
71 1
68 1
30 1
46 1
70 1
15 1
21 1
98 1
92 1
78 1
48 1
16 1
76 1
20 1
35 1
48 1
16 1
41 1
98 1
39 1
49 1
14 1
35 1
69 1
1 1
81 1
33 1
10 1
35 1
59 1
14 1
71 1
52 1
71 1
64 1
19 1
28 1
28 1
44 1
89 1
34 1
41 1
64 1
60 1
61 1
44 1
31 1
24 1
39 1
4 1
78 1
15 1
87 1
59 1
1 1
72 1
46 1
92 1
55 1
10 1
97 1
52 1
86 1
12 1
26 1
52 1
79 1
31 1
24 1
34 1
1 1
73 1
52 1
55 1
31 1
5 1
45 1
64 1
78 1
79 1
62 1
96 1
39 1
6 1
59 1
58 1
18 1
31 1
70 1
95 1
5 1
27 1
39 1
21 1
44 1
47 1
77 1
81 1
8 1
11 1
26 1
82 1
100 1
81 1
40 1
92 1
58 1
84 1
90 1
24 1
43 1
9 1
87 1
44 1
26 1
8 1
41 1
2 1
98 1
34 1
65 1
96 1
86 1
41 1
9 1
66 1
69 1
17 1
85 1
7 1
39 1
50 1
54 1
45 1
90 1
57 1
60 1
59 1
44 1
88 1
39 1
88 1
96 1
88 1
77 1
78 1
6 1
41 1
93 1
72 1
93 1
49 1
27 1
3 1
27 1
61 1
10 1
11 1
55 1
64 1
66 1
10 1
51 1
100 1
76 1
9 1
31 1
90 1
39 1
37 1
14 1
9 1
84 1
68 1
17 1
38 1
64 1
32 1
4 1
22 1
92 1
68 1
62 1
85 1
80 1
98 1
80 1
21 1
60 1
95 1
2 1
18 1
33 1
41 1
16 1
9 1
40 1
50 1
50 1
79 1
1 1
6 1
79 1
95 1
33 1
99 1
27 1
58 1
7 1
75 1
36 1
98 1
24 1
73 1
41 1
97 1
85 1
32 1
52 1
56 1
90 1
48 1
50 1
51 1
32 1
58 1
28 1
54 1
47 1
66 1
52 1
68 1
5 1
18 1
12 1
59 1
74 1
70 1
18 1
25 1
40 1
47 1
9 1
6 1
34 1
29 1
39 1
21 1
64 1
88 1
80 1
87 1
49 1
52 1
46 1
41 1
73 1
15 1
36 1
2 1
75 1
3 1
84 1
82 1
41 1
61 1
40 1
40 1
15 1
58 1
25 1
58 1
54 1
23 1
51 1
80 1
75 1
94 1
4 1
34 1
7 1
91 1
51 1
4 1
31 1
40 1
10 1
18 1
34 1
41 1
87 1
21 1
90 1
66 1
63 1
51 1
32 1
59 1
84 1
7 1
44 1
88 1
25 1
25 1
9 1
17 1
52 1
18 1
85 1
45 1
91 1
59 1
36 1
33 1
14 1
54 1
17 1
100 1
75 1
22 1
25 1
68 1
43 1
36 1
2 1
75 1
84 1
58 1
98 1
71 1
20 1
54 1
98 1
7 1
97 1
2 1
97 1
11 1
21 1
76 1
50 1
82 1
65 1
64 1
73 1
10 1
40 1
49 1
35 1
39 1
73 1
99 1
52 1
27 1
28 1
2 1
41 1
38 1
80 1
92 1
96 1
62 1
79 1
8 1
27 1
18 1
34 1
14 1
42 1
90 1
29 1
72 1
40 1
89 1
29 1
62 1
36 1
85 1
58 1
26 1
62 1
87 1
83 1
47 1
25 1
24 1
91 1
67 1
81 1
51 1
59 1
55 1
8 1
100 1
22 1
18 1
68 1
40 1
32 1
60 1
37 1
42 1
2 1
20 1
73 1
37 1
28 1
44 1
79 1
95 1
55 1
84 1
24 1
54 1
22 1
38 1
47 1
65 1
4 1
44 1
84 1
25 1
36 1
26 1
87 1
21 1
96 1
34 1
6 1
46 1
62 1
85 1
32 1
27 1
88 1
63 1
15 1
84 1
81 1
46 1
85 1
13 1
8 1
51 1
63 1
9 1
13 1
22 1
57 1
27 1
26 1
72 1
89 1
66 1
32 1
65 1
17 1
96 1
38 1
63 1
3 1
32 1
68 1
47 1
52 1
4 1
28 1
2 1
84 1
8 1
13 1
17 1
38 1
77 1
17 1
52 1
69 1
4 1
57 1
97 1
61 1
90 1
46 1
83 1
87 1
92 1
78 1
73 1
83 1
71 1
47 1
41 1
13 1
74 1
4 1
80 1
18 1
75 1
89 1
36 1
75 1
6 1
60 1
11 1
54 1
67 1
41 1
2 1
48 1
47 1
25 1
2 1
94 1
2 1
71 1
6 1
52 1
76 1
11 1
33 1
63 1
24 1
8 1
1 1
95 1
8 1
27 1
32 1
12 1
2 1
25 1
57 1
4 1
94 1
25 1
35 1
81 1
65 1
61 1
13 1
22 1
61 1
98 1
58 1
24 1
83 1
38 1
31 1
71 1
45 1
74 1
69 1
75 1
72 1
65 1
33 1
64 1
85 1
40 1
57 1
56 1
94 1
13 1
86 1
99 1
75 1
92 1
70 1
99 1
85 1
16 1
94 1
29 1
96 1
96 1
92 1
87 1
56 1
3 1
13 1
48 1
81 1
52 1
86 1
29 1
99 1
21 1
64 1
50 1
78 1
80 1
29 1
64 1
22 1
59 1
5 1
72 1
43 1
83 1
42 1
20 1
84 1
71 1
12 1
56 1
82 1
46 1
48 1
47 1
78 1
81 1
25 1
35 1
50 1
73 1
99 1
7 1
28 1
32 1
3 1
28 1
47 1
34 1
28 1
54 1
32 1
23 1
93 1
51 1
36 1
92 1
22 1
24 1
19 1
46 1
95 1
3 1
72 1
17 1
78 1
5 1
13 1
12 1
81 1
68 1
37 1
32 1
68 1
84 1
17 1
16 1
32 1
26 1
36 1
52 1
76 1
73 1
2 1
89 1
51 1
12 1
87 1
23 1
58 1
19 1
47 1
84 1
72 1
90 1
69 1
84 1
15 1
91 1
25 1
57 1
12 1
100 1
82 1
6 1
66 1
3 1
96 1
78 1
54 1
20 1
77 1
66 1
47 1
68 1
18 1
31 1
49 1
47 1
44 1
85 1
47 1
17 1
35 1
89 1
25 1
100
Mario 0 44 7:51 4
Helena 1 12761 19:45 3
Pedro 2 1075 12:13 4
Pedro 3 13451 15:28 5
Mario 4 11014 18:15 2
Mario 5 995 17:59 9
Bruno 6 10137 10:7 10
Helena 7 13321 8:10 6
Bruno 8 14054 16:7 10
Joao 9 13697 12:14 2
Domingos 10 14506 19:46 2
Matilde 11 10652 11:18 4
Mario 12 10998 17:22 7
Rui 13 16519 19:38 10
Henrique 14 13768 13:24 2
Bruno 15 3198 15:53 4
Henrique 16 9896 8:16 8
Maria 17 2075 10:45 1
Henrique 18 11573 8:6 5
Joao 19 875 9:46 3
Rui 20 15761 11:36 2
Henrique 21 2280 13:10 9
Mario 22 1894 14:59 7
Joana 23 13967 14:9 3
Tiago 24 1642 8:25 1
Joana 25 5134 16:57 9
Leonor 26 4257 15:37 4
Mario 27 11221 17:1 4
Matilde 28 15571 10:45 1
Tiago 29 8450 16:3 1
Domingos 30 2636 13:57 7
Pedro 31 2172 7:22 8
Henrique 32 3937 9:54 4
Leonor 33 13992 16:31 2
Ana 34 392 8:25 2
Helena 35 17287 7:52 5
Tiago 36 1808 14:53 7
Joao 37 7767 13:41 7
Domingos 38 8299 15:51 8
Ana 39 6765 9:1 5
Matilde 40 9877 11:40 2
Tiago 41 11354 9:17 1
Bruno 42 6882 17:39 7
Rui 43 8976 11:16 2
Domingos 44 9078 8:23 9
Ana 45 16357 10:47 9
Ana 46 10758 9:14 9
Pedro 47 17618 17:46 3
Mario 48 15336 18:42 6
Matilde 49 1787 12:37 1
Henrique 50 2288 11:17 7
Tiago 51 13046 16:24 2
Joao 52 15634 19:49 9
Pedro 53 13975 13:57 1
Joana 54 13390 17:15 2
Leonor 55 11161 19:10 2
Tiago 56 7846 14:12 10
Rui 57 1509 19:40 6
Domingos 58 15030 16:59 1
Leonor 59 12627 11:46 5
Helena 60 317 18:53 4
Domingos 61 5141 13:34 10
Leonor 62 3755 10:0 10
Pedro 63 13115 16:5 3
Joana 64 6660 15:52 8
Joana 65 1866 11:24 5
Domingos 66 15565 19:42 9
Mario 67 16197 10:19 1
Pedro 68 6707 18:26 3
Helena 69 16562 12:39 3
Leonor 70 5625 16:37 4
Pedro 71 8233 18:53 5
Domingos 72 1635 18:52 1
Maria 73 7898 8:54 4
Matilde 74 6875 17:11 5
Maria 75 10621 10:19 4
Rui 76 8737 19:53 2
Mario 77 13022 18:38 5
Henrique 78 5046 10:4 10
Domingos 79 341 10:37 5
Domingos 80 4453 11:13 7
Joao 81 10555 16:56 1
Domingos 82 14453 12:53 4
Leonor 83 1730 7:29 10
Henrique 84 5893 14:24 3
Matilde 85 12066 7:32 1
Tiago 86 6562 16:52 6
Helena 87 5772 10:27 8
Mario 88 1729 18:44 8
Mario 89 2836 15:16 1
Pedro 90 9823 11:55 9
Pedro 91 10553 18:21 4
Helena 92 6820 18:11 3
Rui 93 2977 14:59 4
Domingos 94 4204 12:58 10
Joana 95 4683 18:34 6
Leonor 96 1482 13:23 9
Pedro 97 6200 16:15 1
Matilde 98 15151 7:47 2
Rui 99 13913 7:13 9
